11032	0010,0.3333333,,-8.589132799414562E-8
11032	0009,0.2857143,,-0.2223923065813519
11032	0003,0.3333333,,-8.589132799414562E-8
11032	0002,0.2857143,,-0.2223923065813519
11033	0010,0.3333333,,-8.589132799414562E-8
11033	0002,0.14285715,,-1.222392306581352
11033	0003,0.3333333,,-8.589132799414562E-8
11033	0009,0.14285715,,-1.222392306581352
1500s	0001,0.16666666,,-1.000000085891328
1500s	0003,0.3333333,,-8.589132799414562E-8
1500s	0010,0.3333333,,-8.589132799414562E-8
1500s	0008,0.16666666,,-1.000000085891328
1914	0010,0.3333333,,0.9999999141086721
1914	0003,0.3333333,,0.9999999141086721
1960s	0001,0.16666666,,-8.589132799414562E-8
1960s	0008,0.16666666,,-8.589132799414562E-8
200	0012,0.16666666,,-8.589132799414562E-8
200	0005,0.16666666,,-8.589132799414562E-8
2000	0002,0.14285715,,-0.2223923065813519
2000	0009,0.14285715,,-0.2223923065813519
45	0009,0.2857143,,0.7776076934186481
45	0002,0.2857143,,0.7776076934186481
Aldus	0001,0.16666666,,-8.589132799414562E-8
Aldus	0008,0.16666666,,-8.589132799414562E-8
Aliquam	0006,0.16666666,,-8.589132799414562E-8
Aliquam	0007,0.3333333,,0.9999999141086721
All	0012,0.16666666,,-8.589132799414562E-8
All	0005,0.16666666,,-8.589132799414562E-8
BC	0002,0.2857143,,0.7776076934186481
BC	0009,0.2857143,,0.7776076934186481
Bonorum	0003,0.3333333,,-8.589132799414562E-8
Bonorum	0009,0.14285715,,-1.222392306581352
Bonorum	0010,0.3333333,,-8.589132799414562E-8
Bonorum	0002,0.14285715,,-1.222392306581352
Cicero	0009,0.14285715,,-1.222392306581352
Cicero	0003,0.3333333,,-8.589132799414562E-8
Cicero	0002,0.14285715,,-1.222392306581352
Cicero	0010,0.3333333,,-8.589132799414562E-8
College	0009,0.14285715,,-0.2223923065813519
College	0002,0.14285715,,-0.2223923065813519
Content	0011,0.2,,0.263034463261343
Content	0004,0.2,,0.263034463261343
Contrary	0002,0.14285715,,-0.2223923065813519
Contrary	0009,0.14285715,,-0.2223923065813519
Cras	0006,0.5,,1.5849625008211563
Cras	0007,0.6666666,,1.999999914108672
Curabitur	0007,0.3333333,,1.999999914108672
Curae	0006,0.16666666,,0.9999999141086721
Donec	0006,0.3333333,,0.9999999141086721
Donec	0007,0.6666666,,1.999999914108672
Duis	0006,0.3333333,,1.999999914108672
English	0003,0.3333333,,-8.589132799414562E-8
English	0011,0.2,,-0.736965536738657
English	0004,0.2,,-0.736965536738657
English	0010,0.3333333,,-8.589132799414562E-8
Evil	0002,0.14285715,,-0.2223923065813519
Evil	0009,0.14285715,,-0.2223923065813519
Extremes	0009,0.14285715,,-0.2223923065813519
Extremes	0002,0.14285715,,-0.2223923065813519
Finibus	0002,0.14285715,,-1.222392306581352
Finibus	0010,0.3333333,,-8.589132799414562E-8
Finibus	0003,0.3333333,,-8.589132799414562E-8
Finibus	0009,0.14285715,,-1.222392306581352
Good	0009,0.14285715,,-0.2223923065813519
Good	0002,0.14285715,,-0.2223923065813519
H	0003,0.3333333,,0.9999999141086721
H	0010,0.3333333,,0.9999999141086721
HampdenSydney	0009,0.14285715,,-0.2223923065813519
HampdenSydney	0002,0.14285715,,-0.2223923065813519
If	0012,0.16666666,,-8.589132799414562E-8
If	0005,0.16666666,,-8.589132799414562E-8
Internet	0005,0.3333333,,0.9999999141086721
Internet	0012,0.3333333,,0.9999999141086721
Ipsum	0011,0.4,,-1.3219280732895313
Ipsum	0005,0.8333333,,-0.26303444013032445
Ipsum	0012,0.8333333,,-0.26303444013032445
Ipsum	0001,0.6666666,,-0.5849625866124842
Ipsum	0004,0.4,,-1.3219280732895313
Ipsum	0008,0.6666666,,-0.5849625866124842
Ipsum	0009,0.5714286,,-0.8073548574641115
Ipsum	0003,0.3333333,,-1.5849625866124843
Ipsum	0010,0.3333333,,-1.5849625866124843
Ipsum	0002,0.5714286,,-0.8073548574641115
It	0001,0.3333333,,-1.5849625866124843
It	0004,0.2,,-2.321928073289531
It	0005,0.16666666,,-2.5849625866124843
It	0012,0.16666666,,-2.5849625866124843
It	0002,0.14285715,,-2.8073548574641114
It	0009,0.14285715,,-2.8073548574641114
It	0008,0.3333333,,-1.5849625866124843
It	0011,0.2,,-2.321928073289531
Latin	0012,0.16666666,,-1.000000085891328
Latin	0009,0.42857143,,0.36257006037552475
Latin	0005,0.16666666,,-1.000000085891328
Latin	0002,0.42857143,,0.36257006037552475
Letraset	0001,0.16666666,,-8.589132799414562E-8
Letraset	0008,0.16666666,,-8.589132799414562E-8
Lorem	0002,0.71428573,,-0.48542679267371197
Lorem	0012,0.8333333,,-0.26303444013032445
Lorem	0008,0.6666666,,-0.5849625866124842
Lorem	0004,0.4,,-1.3219280732895313
Lorem	0005,0.8333333,,-0.26303444013032445
Lorem	0001,0.6666666,,-0.5849625866124842
Lorem	0003,0.3333333,,-1.5849625866124843
Lorem	0010,0.3333333,,-1.5849625866124843
Lorem	0011,0.4,,-1.3219280732895313
Lorem	0006,0.16666666,,-2.5849625866124843
Lorem	0009,0.71428573,,-0.48542679267371197
Maecenas	0007,0.3333333,,1.999999914108672
Malorum	0010,0.3333333,,-8.589132799414562E-8
Malorum	0009,0.14285715,,-1.222392306581352
Malorum	0003,0.3333333,,-8.589132799414562E-8
Malorum	0002,0.14285715,,-1.222392306581352
Many	0004,0.2,,0.263034463261343
Many	0011,0.2,,0.263034463261343
Mauris	0007,0.3333333,,1.999999914108672
McClintock	0002,0.14285715,,-0.2223923065813519
McClintock	0009,0.14285715,,-0.2223923065813519
Nulla	0006,0.16666666,,-8.589132799414562E-8
Nulla	0007,0.3333333,,0.9999999141086721
Nunc	0007,0.3333333,,1.999999914108672
PageMaker	0008,0.16666666,,-8.589132799414562E-8
PageMaker	0001,0.16666666,,-8.589132799414562E-8
Pellentesque	0006,0.16666666,,0.9999999141086721
Praesent	0006,0.16666666,,0.9999999141086721
Rackham	0003,0.3333333,,0.9999999141086721
Rackham	0010,0.3333333,,0.9999999141086721
Renaissance	0002,0.14285715,,-0.2223923065813519
Renaissance	0009,0.14285715,,-0.2223923065813519
Richard	0002,0.14285715,,-0.2223923065813519
Richard	0009,0.14285715,,-0.2223923065813519
Sections	0003,0.3333333,,0.9999999141086721
Sections	0010,0.3333333,,0.9999999141086721
Sed	0007,0.3333333,,1.999999914108672
Suspendisse	0006,0.16666666,,-8.589132799414562E-8
Suspendisse	0007,0.3333333,,0.9999999141086721
The	0011,0.2,,-2.321928073289531
The	0004,0.2,,-2.321928073289531
The	0010,0.3333333,,-1.5849625866124843
The	0012,0.16666666,,-2.5849625866124843
The	0003,0.3333333,,-1.5849625866124843
The	0002,0.2857143,,-1.8073548574641114
The	0005,0.16666666,,-2.5849625866124843
The	0009,0.2857143,,-1.8073548574641114
There	0012,0.16666666,,-8.589132799414562E-8
There	0005,0.16666666,,-8.589132799414562E-8
This	0009,0.14285715,,-0.2223923065813519
This	0002,0.14285715,,-0.2223923065813519
Ut	0006,0.16666666,,0.9999999141086721
Various	0004,0.2,,0.263034463261343
Various	0011,0.2,,0.263034463261343
Vestibulum	0006,0.3333333,,1.999999914108672
Virginia	0009,0.14285715,,-0.2223923065813519
Virginia	0002,0.14285715,,-0.2223923065813519
a	0012,0.5,,-0.9999999999
a	0004,1.0,,1.0E-10
a	0011,1.0,,1.0E-10
a	0002,0.71428573,,-0.48542679267371197
a	0001,0.3333333,,-1.5849625866124843
a	0008,0.3333333,,-1.5849625866124843
a	0005,0.5,,-0.9999999999
a	0009,0.71428573,,-0.48542679267371197
ac	0006,0.3333333,,0.9999999141086721
ac	0007,0.3333333,,0.9999999141086721
accident	0004,0.2,,0.263034463261343
accident	0011,0.2,,0.263034463261343
accompanied	0010,0.3333333,,0.9999999141086721
accompanied	0003,0.3333333,,0.9999999141086721
adipiscing	0006,0.16666666,,0.9999999141086721
aliquet	0006,0.3333333,,0.9999999141086721
aliquet	0007,0.3333333,,0.9999999141086721
also	0001,0.16666666,,-1.000000085891328
also	0003,0.3333333,,-8.589132799414562E-8
also	0008,0.16666666,,-1.000000085891328
also	0010,0.3333333,,-8.589132799414562E-8
alteration	0005,0.16666666,,-8.589132799414562E-8
alteration	0012,0.16666666,,-8.589132799414562E-8
always	0012,0.16666666,,-8.589132799414562E-8
always	0005,0.16666666,,-8.589132799414562E-8
amet	0007,0.3333333,,-8.589132799414562E-8
amet	0002,0.14285715,,-1.222392306581352
amet	0006,1.0,,1.5849625008211563
amet	0009,0.14285715,,-1.222392306581352
an	0008,0.16666666,,-8.589132799414562E-8
an	0001,0.16666666,,-8.589132799414562E-8
and	0011,0.59999996,,-0.7369656800575343
and	0001,0.5,,-0.9999999999
and	0004,0.59999996,,-0.7369656800575343
and	0002,0.42857143,,-1.2223924069045604
and	0003,0.3333333,,-1.5849625866124843
and	0009,0.42857143,,-1.2223924069045604
and	0010,0.3333333,,-1.5849625866124843
and	0008,0.5,,-0.9999999999
ante	0007,0.3333333,,0.9999999141086721
ante	0006,0.3333333,,0.9999999141086721
anything	0005,0.16666666,,-8.589132799414562E-8
anything	0012,0.16666666,,-8.589132799414562E-8
arcu	0007,0.3333333,,0.9999999141086721
arcu	0006,0.16666666,,-8.589132799414562E-8
are	0012,0.3333333,,-8.589132799414562E-8
are	0005,0.3333333,,-8.589132799414562E-8
are	0003,0.3333333,,-8.589132799414562E-8
are	0010,0.3333333,,-8.589132799414562E-8
as	0004,0.4,,0.263034463261343
as	0011,0.4,,0.263034463261343
as	0012,0.16666666,,-1.000000085891328
as	0005,0.16666666,,-1.000000085891328
at	0006,0.16666666,,-1.5849625866124843
at	0002,0.14285715,,-1.8073548574641114
at	0011,0.2,,-1.3219280732895313
at	0004,0.2,,-1.3219280732895313
at	0009,0.14285715,,-1.8073548574641114
augue	0006,0.16666666,,-8.589132799414562E-8
augue	0007,1.0,,2.584962500821156
available	0005,0.16666666,,-8.589132799414562E-8
available	0012,0.16666666,,-8.589132799414562E-8
be	0011,0.2,,-0.736965536738657
be	0005,0.16666666,,-1.000000085891328
be	0012,0.16666666,,-1.000000085891328
be	0004,0.2,,-0.736965536738657
been	0001,0.16666666,,-8.589132799414562E-8
been	0008,0.16666666,,-8.589132799414562E-8
belief	0002,0.14285715,,-0.2223923065813519
belief	0009,0.14285715,,-0.2223923065813519
believable	0005,0.16666666,,-8.589132799414562E-8
believable	0012,0.16666666,,-8.589132799414562E-8
below	0010,0.3333333,,0.9999999141086721
below	0003,0.3333333,,0.9999999141086721
bibendum	0006,0.16666666,,0.9999999141086721
book	0008,0.16666666,,-1.000000085891328
book	0002,0.14285715,,-1.222392306581352
book	0009,0.14285715,,-1.222392306581352
book	0001,0.16666666,,-1.000000085891328
but	0005,0.16666666,,-1.000000085891328
but	0001,0.16666666,,-1.000000085891328
but	0008,0.16666666,,-1.000000085891328
but	0012,0.16666666,,-1.000000085891328
by	0009,0.14285715,,-2.8073548574641114
by	0011,0.4,,-1.3219280732895313
by	0002,0.14285715,,-2.8073548574641114
by	0004,0.4,,-1.3219280732895313
by	0010,1.0,,1.0E-10
by	0005,0.16666666,,-2.5849625866124843
by	0012,0.16666666,,-2.5849625866124843
by	0003,1.0,,1.0E-10
centuries	0008,0.16666666,,-8.589132799414562E-8
centuries	0001,0.16666666,,-8.589132799414562E-8
chunk	0010,0.3333333,,0.9999999141086721
chunk	0003,0.3333333,,0.9999999141086721
chunks	0005,0.16666666,,-8.589132799414562E-8
chunks	0012,0.16666666,,-8.589132799414562E-8
cites	0002,0.14285715,,-0.2223923065813519
cites	0009,0.14285715,,-0.2223923065813519
classical	0009,0.2857143,,0.7776076934186481
classical	0002,0.2857143,,0.7776076934186481
combined	0005,0.16666666,,-8.589132799414562E-8
combined	0012,0.16666666,,-8.589132799414562E-8
comes	0009,0.2857143,,0.7776076934186481
comes	0002,0.2857143,,0.7776076934186481
commodo	0006,0.16666666,,0.9999999141086721
condimentum	0007,0.3333333,,1.999999914108672
congue	0007,0.3333333,,1.999999914108672
consectetur	0009,0.14285715,,-0.8073548574641115
consectetur	0002,0.14285715,,-0.8073548574641115
consectetur	0006,0.3333333,,0.4150374133875158
consequat	0006,0.16666666,,0.9999999141086721
containing	0008,0.16666666,,-8.589132799414562E-8
containing	0001,0.16666666,,-8.589132799414562E-8
content	0004,0.4,,1.263034463261343
content	0011,0.4,,1.263034463261343
convallis	0006,0.3333333,,1.999999914108672
cubilia	0006,0.16666666,,0.9999999141086721
cursus	0006,0.16666666,,0.9999999141086721
dapibus	0006,0.16666666,,-8.589132799414562E-8
dapibus	0007,0.3333333,,0.9999999141086721
de	0010,0.3333333,,-8.589132799414562E-8
de	0002,0.14285715,,-1.222392306581352
de	0003,0.3333333,,-8.589132799414562E-8
de	0009,0.14285715,,-1.222392306581352
default	0004,0.2,,0.263034463261343
default	0011,0.2,,0.263034463261343
desktop	0011,0.2,,-0.736965536738657
desktop	0008,0.16666666,,-1.000000085891328
desktop	0001,0.16666666,,-1.000000085891328
desktop	0004,0.2,,-0.736965536738657
diam	0007,1.0,,2.584962500821156
diam	0006,0.16666666,,-8.589132799414562E-8
dictionary	0005,0.16666666,,-8.589132799414562E-8
dictionary	0012,0.16666666,,-8.589132799414562E-8
dictum	0006,0.16666666,,0.9999999141086721
discovered	0002,0.14285715,,-0.2223923065813519
discovered	0009,0.14285715,,-0.2223923065813519
distracted	0011,0.2,,0.263034463261343
distracted	0004,0.2,,0.263034463261343
distribution	0011,0.2,,0.263034463261343
distribution	0004,0.2,,0.263034463261343
dolor	0002,0.14285715,,-1.222392306581352
dolor	0006,0.16666666,,-1.000000085891328
dolor	0009,0.14285715,,-1.222392306581352
dolor	0007,0.3333333,,-8.589132799414562E-8
dont	0005,0.16666666,,-8.589132799414562E-8
dont	0012,0.16666666,,-8.589132799414562E-8
dui	0006,0.16666666,,0.9999999141086721
dummy	0001,0.3333333,,0.9999999141086721
dummy	0008,0.3333333,,0.9999999141086721
during	0002,0.14285715,,-0.2223923065813519
during	0009,0.14285715,,-0.2223923065813519
editors	0004,0.2,,0.263034463261343
editors	0011,0.2,,0.263034463261343
electronic	0008,0.16666666,,-8.589132799414562E-8
electronic	0001,0.16666666,,-8.589132799414562E-8
elementum	0007,0.3333333,,1.999999914108672
elit	0006,0.3333333,,1.999999914108672
embarrassing	0012,0.16666666,,-8.589132799414562E-8
embarrassing	0005,0.16666666,,-8.589132799414562E-8
eros	0007,0.3333333,,1.999999914108672
essentially	0001,0.16666666,,-8.589132799414562E-8
essentially	0008,0.16666666,,-8.589132799414562E-8
est	0007,0.3333333,,1.999999914108672
established	0004,0.2,,0.263034463261343
established	0011,0.2,,0.263034463261343
et	0002,0.14285715,,-1.8073548574641114
et	0007,0.6666666,,0.4150374133875158
et	0009,0.14285715,,-1.8073548574641114
et	0003,0.3333333,,-0.5849625866124842
et	0006,0.5,,1.0E-10
et	0010,0.3333333,,-0.5849625866124842
etc	0005,0.16666666,,-8.589132799414562E-8
etc	0012,0.16666666,,-8.589132799414562E-8
ethics	0002,0.14285715,,-0.2223923065813519
ethics	0009,0.14285715,,-0.2223923065813519
eu	0006,0.3333333,,0.9999999141086721
eu	0007,0.3333333,,0.9999999141086721
euismod	0007,0.3333333,,1.999999914108672
even	0012,0.16666666,,-8.589132799414562E-8
even	0005,0.16666666,,-8.589132799414562E-8
ever	0001,0.16666666,,-8.589132799414562E-8
ever	0008,0.16666666,,-8.589132799414562E-8
evolved	0004,0.2,,0.263034463261343
evolved	0011,0.2,,0.263034463261343
ex	0007,0.3333333,,1.999999914108672
exact	0003,0.3333333,,0.9999999141086721
exact	0010,0.3333333,,0.9999999141086721
facilisi	0007,0.3333333,,1.999999914108672
facilisis	0007,0.3333333,,1.999999914108672
fact	0011,0.2,,0.263034463261343
fact	0004,0.2,,0.263034463261343
faucibus	0007,0.6666666,,1.999999914108672
faucibus	0006,0.16666666,,-8.589132799414562E-8
fermentum	0007,0.6666666,,2.9999999141086717
feugiat	0007,0.3333333,,0.9999999141086721
feugiat	0006,0.3333333,,0.9999999141086721
first	0002,0.14285715,,-1.222392306581352
first	0009,0.14285715,,-1.222392306581352
first	0012,0.16666666,,-1.000000085891328
first	0005,0.16666666,,-1.000000085891328
five	0001,0.16666666,,-8.589132799414562E-8
five	0008,0.16666666,,-8.589132799414562E-8
for	0004,0.2,,-0.736965536738657
for	0010,0.3333333,,-8.589132799414562E-8
for	0011,0.2,,-0.736965536738657
for	0003,0.3333333,,-8.589132799414562E-8
form	0010,0.3333333,,-8.589132799414562E-8
form	0012,0.16666666,,-1.000000085891328
form	0003,0.3333333,,-8.589132799414562E-8
form	0005,0.16666666,,-1.000000085891328
free	0005,0.16666666,,-8.589132799414562E-8
free	0012,0.16666666,,-8.589132799414562E-8
fringilla	0006,0.3333333,,0.9999999141086721
fringilla	0007,0.3333333,,0.9999999141086721
from	0010,0.6666666,,0.4150374133875158
from	0003,0.6666666,,0.4150374133875158
from	0002,0.5714286,,0.19264514253588855
from	0009,0.5714286,,0.19264514253588855
from	0005,0.16666666,,-1.5849625866124843
from	0012,0.16666666,,-1.5849625866124843
galley	0008,0.16666666,,-8.589132799414562E-8
galley	0001,0.16666666,,-8.589132799414562E-8
generate	0005,0.16666666,,-8.589132799414562E-8
generate	0012,0.16666666,,-8.589132799414562E-8
generated	0005,0.16666666,,-8.589132799414562E-8
generated	0012,0.16666666,,-8.589132799414562E-8
generator	0012,0.16666666,,-8.589132799414562E-8
generator	0005,0.16666666,,-8.589132799414562E-8
generators	0005,0.16666666,,-8.589132799414562E-8
generators	0012,0.16666666,,-8.589132799414562E-8
going	0012,0.16666666,,-1.000000085891328
going	0005,0.16666666,,-1.000000085891328
going	0002,0.14285715,,-1.222392306581352
going	0009,0.14285715,,-1.222392306581352
gravida	0007,0.6666666,,1.999999914108672
gravida	0006,0.3333333,,0.9999999141086721
handful	0005,0.16666666,,-8.589132799414562E-8
handful	0012,0.16666666,,-8.589132799414562E-8
has	0011,0.2,,-1.3219280732895313
has	0009,0.14285715,,-1.8073548574641114
has	0008,0.3333333,,-0.5849625866124842
has	0004,0.2,,-1.3219280732895313
has	0001,0.3333333,,-0.5849625866124842
has	0002,0.14285715,,-1.8073548574641114
have	0004,0.2,,-0.736965536738657
have	0012,0.16666666,,-1.000000085891328
have	0011,0.2,,-0.736965536738657
have	0005,0.16666666,,-1.000000085891328
here	0011,0.4,,1.263034463261343
here	0004,0.4,,1.263034463261343
hidden	0012,0.16666666,,-8.589132799414562E-8
hidden	0005,0.16666666,,-8.589132799414562E-8
humour	0005,0.3333333,,-8.589132799414562E-8
humour	0004,0.2,,-0.736965536738657
humour	0012,0.3333333,,-8.589132799414562E-8
humour	0011,0.2,,-0.736965536738657
id	0007,0.3333333,,1.999999914108672
imperdiet	0007,0.6666666,,1.999999914108672
imperdiet	0006,0.16666666,,-8.589132799414562E-8
in	0012,0.3333333,,-1.5849625866124843
in	0005,0.3333333,,-1.5849625866124843
in	0003,0.3333333,,-1.5849625866124843
in	0009,0.71428573,,-0.48542679267371197
in	0006,0.5,,-0.9999999999
in	0004,0.2,,-2.321928073289531
in	0002,0.71428573,,-0.48542679267371197
in	0011,0.2,,-2.321928073289531
in	0001,0.16666666,,-2.5849625866124843
in	0010,0.3333333,,-1.5849625866124843
in	0008,0.16666666,,-2.5849625866124843
including	0001,0.16666666,,-8.589132799414562E-8
including	0008,0.16666666,,-8.589132799414562E-8
industry	0001,0.16666666,,-8.589132799414562E-8
industry	0008,0.16666666,,-8.589132799414562E-8
industrys	0008,0.16666666,,-8.589132799414562E-8
industrys	0001,0.16666666,,-8.589132799414562E-8
infancy	0011,0.2,,0.263034463261343
infancy	0004,0.2,,0.263034463261343
injected	0011,0.2,,-0.736965536738657
injected	0012,0.3333333,,-8.589132799414562E-8
injected	0004,0.2,,-0.736965536738657
injected	0005,0.3333333,,-8.589132799414562E-8
interested	0010,0.3333333,,0.9999999141086721
interested	0003,0.3333333,,0.9999999141086721
into	0008,0.16666666,,-8.589132799414562E-8
into	0001,0.16666666,,-8.589132799414562E-8
ipsum	0004,0.2,,-1.3219280732895313
ipsum	0011,0.2,,-1.3219280732895313
ipsum	0009,0.14285715,,-1.8073548574641114
ipsum	0006,0.3333333,,-0.5849625866124842
ipsum	0002,0.14285715,,-1.8073548574641114
ipsum	0007,0.3333333,,-0.5849625866124842
is	0002,0.2857143,,-1.8073548574641114
is	0012,0.16666666,,-2.5849625866124843
is	0011,0.4,,-1.3219280732895313
is	0004,0.4,,-1.3219280732895313
is	0008,0.16666666,,-2.5849625866124843
is	0001,0.16666666,,-2.5849625866124843
is	0005,0.16666666,,-2.5849625866124843
is	0010,0.3333333,,-1.5849625866124843
is	0009,0.2857143,,-1.8073548574641114
is	0003,0.3333333,,-1.5849625866124843
isnt	0012,0.16666666,,-8.589132799414562E-8
isnt	0005,0.16666666,,-8.589132799414562E-8
it	0001,0.16666666,,-1.5849625866124843
it	0004,0.4,,-0.32192807328953116
it	0009,0.14285715,,-1.8073548574641114
it	0008,0.16666666,,-1.5849625866124843
it	0002,0.14285715,,-1.8073548574641114
it	0011,0.4,,-0.32192807328953116
its	0004,0.2,,0.263034463261343
its	0011,0.2,,0.263034463261343
justo	0006,0.16666666,,-8.589132799414562E-8
justo	0007,0.3333333,,0.9999999141086721
lacinia	0007,0.3333333,,0.9999999141086721
lacinia	0006,0.16666666,,-8.589132799414562E-8
lacus	0007,0.3333333,,1.999999914108672
layout	0004,0.2,,0.263034463261343
layout	0011,0.2,,0.263034463261343
leap	0008,0.16666666,,-8.589132799414562E-8
leap	0001,0.16666666,,-8.589132799414562E-8
leo	0007,0.3333333,,0.9999999141086721
leo	0006,0.16666666,,-8.589132799414562E-8
letters	0004,0.2,,0.263034463261343
letters	0011,0.2,,0.263034463261343
libero	0006,0.16666666,,0.9999999141086721
ligula	0007,0.3333333,,1.999999914108672
like	0011,0.4,,0.263034463261343
like	0008,0.16666666,,-1.000000085891328
like	0004,0.4,,0.263034463261343
like	0001,0.16666666,,-1.000000085891328
line	0009,0.2857143,,0.7776076934186481
line	0002,0.2857143,,0.7776076934186481
literature	0002,0.2857143,,0.7776076934186481
literature	0009,0.2857143,,0.7776076934186481
long	0011,0.2,,0.263034463261343
long	0004,0.2,,0.263034463261343
look	0012,0.16666666,,-1.000000085891328
look	0005,0.16666666,,-1.000000085891328
look	0004,0.2,,-0.736965536738657
look	0011,0.2,,-0.736965536738657
looked	0002,0.14285715,,-0.2223923065813519
looked	0009,0.14285715,,-0.2223923065813519
looking	0004,0.2,,0.263034463261343
looking	0011,0.2,,0.263034463261343
looks	0005,0.16666666,,-8.589132799414562E-8
looks	0012,0.16666666,,-8.589132799414562E-8
lorem	0004,0.2,,0.263034463261343
lorem	0011,0.2,,0.263034463261343
luctus	0006,0.3333333,,1.999999914108672
magna	0006,0.5,,1.5849625008211563
magna	0007,0.3333333,,0.9999999141086721
majority	0012,0.16666666,,-8.589132799414562E-8
majority	0005,0.16666666,,-8.589132799414562E-8
make	0008,0.16666666,,-8.589132799414562E-8
make	0001,0.16666666,,-8.589132799414562E-8
making	0002,0.14285715,,-1.8073548574641114
making	0009,0.14285715,,-1.8073548574641114
making	0011,0.2,,-1.3219280732895313
making	0004,0.2,,-1.3219280732895313
making	0005,0.16666666,,-1.5849625866124843
making	0012,0.16666666,,-1.5849625866124843
malesuada	0006,0.16666666,,0.9999999141086721
many	0011,0.2,,-0.736965536738657
many	0004,0.2,,-0.736965536738657
many	0012,0.16666666,,-1.000000085891328
many	0005,0.16666666,,-1.000000085891328
massa	0006,0.16666666,,-8.589132799414562E-8
massa	0007,0.3333333,,0.9999999141086721
mattis	0007,0.3333333,,1.999999914108672
mauris	0006,0.16666666,,-8.589132799414562E-8
mauris	0007,0.3333333,,0.9999999141086721
metus	0006,0.16666666,,0.9999999141086721
mi	0006,0.16666666,,-8.589132799414562E-8
mi	0007,0.6666666,,1.999999914108672
middle	0012,0.16666666,,-8.589132799414562E-8
middle	0005,0.16666666,,-8.589132799414562E-8
model	0011,0.2,,-0.736965536738657
model	0012,0.16666666,,-1.000000085891328
model	0004,0.2,,-0.736965536738657
model	0005,0.16666666,,-1.000000085891328
mollis	0006,0.16666666,,0.9999999141086721
more	0009,0.14285715,,-1.222392306581352
more	0008,0.16666666,,-1.000000085891328
more	0002,0.14285715,,-1.222392306581352
more	0001,0.16666666,,-1.000000085891328
moreorless	0011,0.2,,0.263034463261343
moreorless	0004,0.2,,0.263034463261343
nec	0007,0.3333333,,1.999999914108672
necessary	0005,0.16666666,,-8.589132799414562E-8
necessary	0012,0.16666666,,-8.589132799414562E-8
need	0005,0.16666666,,-8.589132799414562E-8
need	0012,0.16666666,,-8.589132799414562E-8
nibh	0006,0.16666666,,-8.589132799414562E-8
nibh	0007,0.3333333,,0.9999999141086721
nisi	0007,0.6666666,,1.999999914108672
nisi	0006,0.6666666,,1.999999914108672
nisl	0006,0.16666666,,-8.589132799414562E-8
nisl	0007,0.6666666,,1.999999914108672
non	0007,0.6666666,,1.999999914108672
non	0006,0.16666666,,-8.589132799414562E-8
noncharacteristic	0005,0.16666666,,-8.589132799414562E-8
noncharacteristic	0012,0.16666666,,-8.589132799414562E-8
normal	0011,0.2,,0.263034463261343
normal	0004,0.2,,0.263034463261343
not	0002,0.14285715,,-1.222392306581352
not	0008,0.16666666,,-1.000000085891328
not	0001,0.16666666,,-1.000000085891328
not	0009,0.14285715,,-1.222392306581352
now	0011,0.2,,0.263034463261343
now	0004,0.2,,0.263034463261343
nulla	0007,0.3333333,,0.9999999141086721
nulla	0006,0.16666666,,-8.589132799414562E-8
nunc	0006,0.3333333,,1.999999914108672
obscure	0002,0.14285715,,-0.2223923065813519
obscure	0009,0.14285715,,-0.2223923065813519
of	0008,0.6666666,,-0.5849625866124842
of	0005,1.0,,1.0E-10
of	0004,0.59999996,,-0.7369656800575343
of	0010,0.3333333,,-1.5849625866124843
of	0002,1.0,,1.0E-10
of	0012,1.0,,1.0E-10
of	0011,0.59999996,,-0.7369656800575343
of	0003,0.3333333,,-1.5849625866124843
of	0009,1.0,,1.0E-10
of	0001,0.6666666,,-0.5849625866124842
old	0002,0.14285715,,-0.2223923065813519
old	0009,0.14285715,,-0.2223923065813519
on	0002,0.14285715,,-1.8073548574641114
on	0004,0.2,,-1.3219280732895313
on	0012,0.3333333,,-0.5849625866124842
on	0011,0.2,,-1.3219280732895313
on	0005,0.3333333,,-0.5849625866124842
on	0009,0.14285715,,-1.8073548574641114
one	0002,0.14285715,,-0.2223923065813519
one	0009,0.14285715,,-0.2223923065813519
only	0008,0.16666666,,-8.589132799414562E-8
only	0001,0.16666666,,-8.589132799414562E-8
opposed	0004,0.2,,0.263034463261343
opposed	0011,0.2,,0.263034463261343
or	0012,0.3333333,,0.9999999141086721
or	0005,0.3333333,,0.9999999141086721
orci	0006,0.3333333,,1.999999914108672
original	0003,0.3333333,,0.9999999141086721
original	0010,0.3333333,,0.9999999141086721
ornare	0006,0.16666666,,0.9999999141086721
over	0005,0.16666666,,-1.5849625866124843
over	0009,0.14285715,,-1.8073548574641114
over	0004,0.2,,-1.3219280732895313
over	0011,0.2,,-1.3219280732895313
over	0002,0.14285715,,-1.8073548574641114
over	0012,0.16666666,,-1.5849625866124843
packages	0004,0.2,,0.263034463261343
packages	0011,0.2,,0.263034463261343
page	0004,0.4,,1.263034463261343
page	0011,0.4,,1.263034463261343
passage	0002,0.14285715,,-1.222392306581352
passage	0012,0.16666666,,-1.000000085891328
passage	0005,0.16666666,,-1.000000085891328
passage	0009,0.14285715,,-1.222392306581352
passages	0012,0.16666666,,-1.000000085891328
passages	0008,0.16666666,,-1.000000085891328
passages	0005,0.16666666,,-1.000000085891328
passages	0001,0.16666666,,-1.000000085891328
pellentesque	0006,0.16666666,,0.9999999141086721
pharetra	0006,0.16666666,,0.9999999141086721
piece	0002,0.14285715,,-0.2223923065813519
piece	0009,0.14285715,,-0.2223923065813519
placerat	0007,0.3333333,,1.999999914108672
point	0011,0.2,,0.263034463261343
point	0004,0.2,,0.263034463261343
popular	0002,0.2857143,,0.7776076934186481
popular	0009,0.2857143,,0.7776076934186481
popularised	0008,0.16666666,,-8.589132799414562E-8
popularised	0001,0.16666666,,-8.589132799414562E-8
porta	0007,0.3333333,,1.999999914108672
porttitor	0007,0.3333333,,1.999999914108672
posuere	0006,0.3333333,,1.999999914108672
predefined	0012,0.16666666,,-8.589132799414562E-8
predefined	0005,0.16666666,,-8.589132799414562E-8
pretium	0007,0.3333333,,1.999999914108672
primis	0006,0.16666666,,0.9999999141086721
printer	0001,0.16666666,,-8.589132799414562E-8
printer	0008,0.16666666,,-8.589132799414562E-8
printing	0008,0.16666666,,-8.589132799414562E-8
printing	0001,0.16666666,,-8.589132799414562E-8
professor	0002,0.14285715,,-0.2223923065813519
professor	0009,0.14285715,,-0.2223923065813519
publishing	0001,0.16666666,,-1.000000085891328
publishing	0004,0.2,,-0.736965536738657
publishing	0011,0.2,,-0.736965536738657
publishing	0008,0.16666666,,-1.000000085891328
pulvinar	0007,0.3333333,,1.999999914108672
purpose	0004,0.2,,0.263034463261343
purpose	0011,0.2,,0.263034463261343
purus	0007,0.3333333,,1.999999914108672
quam	0006,0.16666666,,0.9999999141086721
quis	0006,0.3333333,,0.9999999141086721
quis	0007,0.3333333,,0.9999999141086721
random	0009,0.14285715,,-0.2223923065813519
random	0002,0.14285715,,-0.2223923065813519
randomised	0012,0.16666666,,-8.589132799414562E-8
randomised	0005,0.16666666,,-8.589132799414562E-8
readable	0011,0.4,,1.263034463261343
readable	0004,0.4,,1.263034463261343
reader	0004,0.2,,0.263034463261343
reader	0011,0.2,,0.263034463261343
reasonable	0005,0.16666666,,-8.589132799414562E-8
reasonable	0012,0.16666666,,-8.589132799414562E-8
recently	0001,0.16666666,,-8.589132799414562E-8
recently	0008,0.16666666,,-8.589132799414562E-8
release	0008,0.16666666,,-8.589132799414562E-8
release	0001,0.16666666,,-8.589132799414562E-8
remaining	0001,0.16666666,,-8.589132799414562E-8
remaining	0008,0.16666666,,-8.589132799414562E-8
repeat	0005,0.16666666,,-8.589132799414562E-8
repeat	0012,0.16666666,,-8.589132799414562E-8
repetition	0005,0.16666666,,-8.589132799414562E-8
repetition	0012,0.16666666,,-8.589132799414562E-8
reproduced	0003,0.6666666,,1.999999914108672
reproduced	0010,0.6666666,,1.999999914108672
rhoncus	0007,0.3333333,,1.999999914108672
roots	0009,0.14285715,,-0.2223923065813519
roots	0002,0.14285715,,-0.2223923065813519
rutrum	0006,0.16666666,,0.9999999141086721
sapien	0006,0.16666666,,0.9999999141086721
scelerisque	0007,0.3333333,,1.999999914108672
scrambled	0008,0.16666666,,-8.589132799414562E-8
scrambled	0001,0.16666666,,-8.589132799414562E-8
search	0011,0.2,,0.263034463261343
search	0004,0.2,,0.263034463261343
section	0009,0.14285715,,-0.2223923065813519
section	0002,0.14285715,,-0.2223923065813519
sections	0009,0.14285715,,-0.2223923065813519
sections	0002,0.14285715,,-0.2223923065813519
sed	0007,0.6666666,,1.999999914108672
sed	0006,0.16666666,,-8.589132799414562E-8
sem	0006,0.16666666,,0.9999999141086721
semper	0006,0.5,,2.584962500821156
sentence	0012,0.16666666,,-8.589132799414562E-8
sentence	0005,0.16666666,,-8.589132799414562E-8
sheets	0008,0.16666666,,-8.589132799414562E-8
sheets	0001,0.16666666,,-8.589132799414562E-8
simply	0008,0.16666666,,-1.000000085891328
simply	0002,0.14285715,,-1.222392306581352
simply	0001,0.16666666,,-1.000000085891328
simply	0009,0.14285715,,-1.222392306581352
since	0001,0.16666666,,-1.000000085891328
since	0008,0.16666666,,-1.000000085891328
since	0010,0.3333333,,-8.589132799414562E-8
since	0003,0.3333333,,-8.589132799414562E-8
sit	0006,1.0,,1.5849625008211563
sit	0007,0.3333333,,-8.589132799414562E-8
sit	0009,0.14285715,,-1.222392306581352
sit	0002,0.14285715,,-1.222392306581352
sites	0011,0.2,,0.263034463261343
sites	0004,0.2,,0.263034463261343
slightly	0005,0.16666666,,-8.589132799414562E-8
slightly	0012,0.16666666,,-8.589132799414562E-8
sodales	0007,0.3333333,,1.999999914108672
software	0008,0.16666666,,-8.589132799414562E-8
software	0001,0.16666666,,-8.589132799414562E-8
sollicitudin	0007,0.6666666,,2.9999999141086717
some	0012,0.16666666,,-8.589132799414562E-8
some	0005,0.16666666,,-8.589132799414562E-8
sometimes	0004,0.4,,1.263034463261343
sometimes	0011,0.4,,1.263034463261343
source	0002,0.14285715,,-0.2223923065813519
source	0009,0.14285715,,-0.2223923065813519
specimen	0001,0.16666666,,-8.589132799414562E-8
specimen	0008,0.16666666,,-8.589132799414562E-8
standard	0001,0.16666666,,-1.000000085891328
standard	0010,0.3333333,,-8.589132799414562E-8
standard	0008,0.16666666,,-1.000000085891328
standard	0003,0.3333333,,-8.589132799414562E-8
still	0004,0.2,,0.263034463261343
still	0011,0.2,,0.263034463261343
structures	0012,0.16666666,,-8.589132799414562E-8
structures	0005,0.16666666,,-8.589132799414562E-8
suffered	0012,0.16666666,,-8.589132799414562E-8
suffered	0005,0.16666666,,-8.589132799414562E-8
sure	0005,0.16666666,,-8.589132799414562E-8
sure	0012,0.16666666,,-8.589132799414562E-8
survived	0001,0.16666666,,-8.589132799414562E-8
survived	0008,0.16666666,,-8.589132799414562E-8
suscipit	0007,0.3333333,,1.999999914108672
tempor	0006,0.16666666,,0.9999999141086721
tempus	0006,0.16666666,,0.9999999141086721
tend	0012,0.16666666,,-8.589132799414562E-8
tend	0005,0.16666666,,-8.589132799414562E-8
text	0011,0.2,,-2.321928073289531
text	0009,0.14285715,,-2.8073548574641114
text	0008,0.3333333,,-1.5849625866124843
text	0004,0.2,,-2.321928073289531
text	0002,0.14285715,,-2.8073548574641114
text	0001,0.3333333,,-1.5849625866124843
text	0005,0.16666666,,-2.5849625866124843
text	0012,0.16666666,,-2.5849625866124843
that	0011,0.4,,1.263034463261343
that	0004,0.4,,1.263034463261343
the	0001,1.0,,1.0E-10
the	0004,0.59999996,,-0.7369656800575343
the	0008,1.0,,1.0E-10
the	0011,0.59999996,,-0.7369656800575343
the	0012,1.0,,1.0E-10
the	0005,1.0,,1.0E-10
the	0010,0.6666666,,-0.5849625866124842
the	0009,0.85714287,,-0.22239240690456044
the	0002,0.85714287,,-0.22239240690456044
the	0003,0.6666666,,-0.5849625866124842
their	0004,0.4,,0.263034463261343
their	0003,0.3333333,,-8.589132799414562E-8
their	0010,0.3333333,,-8.589132799414562E-8
their	0011,0.4,,0.263034463261343
theory	0009,0.14285715,,-0.2223923065813519
theory	0002,0.14285715,,-0.2223923065813519
there	0012,0.16666666,,-8.589132799414562E-8
there	0005,0.16666666,,-8.589132799414562E-8
therefore	0012,0.16666666,,-8.589132799414562E-8
therefore	0005,0.16666666,,-8.589132799414562E-8
this	0005,0.16666666,,-8.589132799414562E-8
this	0012,0.16666666,,-8.589132799414562E-8
those	0010,0.3333333,,0.9999999141086721
those	0003,0.3333333,,0.9999999141086721
through	0002,0.14285715,,-0.2223923065813519
through	0009,0.14285715,,-0.2223923065813519
tincidunt	0007,0.3333333,,0.9999999141086721
tincidunt	0006,0.3333333,,0.9999999141086721
to	0008,0.16666666,,-2.5849625866124843
to	0011,0.2,,-2.321928073289531
to	0004,0.2,,-2.321928073289531
to	0009,0.14285715,,-2.8073548574641114
to	0005,0.6666666,,-0.5849625866124842
to	0002,0.14285715,,-2.8073548574641114
to	0001,0.16666666,,-2.5849625866124843
to	0012,0.6666666,,-0.5849625866124842
took	0008,0.16666666,,-8.589132799414562E-8
took	0001,0.16666666,,-8.589132799414562E-8
tortor	0006,0.16666666,,-8.589132799414562E-8
tortor	0007,0.3333333,,0.9999999141086721
translation	0010,0.3333333,,0.9999999141086721
translation	0003,0.3333333,,0.9999999141086721
treatise	0009,0.14285715,,-0.2223923065813519
treatise	0002,0.14285715,,-0.2223923065813519
true	0012,0.16666666,,-8.589132799414562E-8
true	0005,0.16666666,,-8.589132799414562E-8
turpis	0006,0.16666666,,0.9999999141086721
type	0008,0.3333333,,0.9999999141086721
type	0001,0.3333333,,0.9999999141086721
typesetting	0001,0.3333333,,0.9999999141086721
typesetting	0008,0.3333333,,0.9999999141086721
ullamcorper	0006,0.16666666,,0.9999999141086721
ultrices	0006,0.3333333,,1.999999914108672
ultricies	0006,0.16666666,,0.9999999141086721
unchanged	0008,0.16666666,,-8.589132799414562E-8
unchanged	0001,0.16666666,,-8.589132799414562E-8
uncover	0004,0.2,,0.263034463261343
uncover	0011,0.2,,0.263034463261343
undoubtable	0002,0.14285715,,-0.2223923065813519
undoubtable	0009,0.14285715,,-0.2223923065813519
unknown	0008,0.16666666,,-8.589132799414562E-8
unknown	0001,0.16666666,,-8.589132799414562E-8
up	0009,0.14285715,,-0.2223923065813519
up	0002,0.14285715,,-0.2223923065813519
use	0011,0.2,,-0.736965536738657
use	0004,0.2,,-0.736965536738657
use	0005,0.16666666,,-1.000000085891328
use	0012,0.16666666,,-1.000000085891328
used	0003,0.3333333,,0.9999999141086721
used	0010,0.3333333,,0.9999999141086721
uses	0012,0.16666666,,-8.589132799414562E-8
uses	0005,0.16666666,,-8.589132799414562E-8
using	0011,0.4,,1.263034463261343
using	0004,0.4,,1.263034463261343
ut	0007,0.6666666,,2.9999999141086717
variations	0005,0.16666666,,-8.589132799414562E-8
variations	0012,0.16666666,,-8.589132799414562E-8
varius	0007,0.3333333,,1.999999914108672
vehicula	0007,0.6666666,,1.999999914108672
vehicula	0006,0.16666666,,-8.589132799414562E-8
vel	0006,0.16666666,,-8.589132799414562E-8
vel	0007,0.3333333,,0.9999999141086721
velit	0006,0.16666666,,-8.589132799414562E-8
velit	0007,0.3333333,,0.9999999141086721
venenatis	0006,0.16666666,,-8.589132799414562E-8
venenatis	0007,0.3333333,,0.9999999141086721
versions	0003,0.3333333,,-0.5849625866124842
versions	0010,0.3333333,,-0.5849625866124842
versions	0008,0.16666666,,-1.5849625866124843
versions	0001,0.16666666,,-1.5849625866124843
versions	0011,0.2,,-1.3219280732895313
versions	0004,0.2,,-1.3219280732895313
very	0009,0.14285715,,-0.2223923065813519
very	0002,0.14285715,,-0.2223923065813519
vitae	0006,0.16666666,,-8.589132799414562E-8
vitae	0007,0.3333333,,0.9999999141086721
viverra	0006,0.3333333,,0.9999999141086721
viverra	0007,0.6666666,,1.999999914108672
volutpat	0007,0.3333333,,1.999999914108672
vulputate	0006,0.16666666,,0.9999999141086721
was	0008,0.16666666,,-8.589132799414562E-8
was	0001,0.16666666,,-8.589132799414562E-8
web	0011,0.4,,1.263034463261343
web	0004,0.4,,1.263034463261343
when	0004,0.2,,-0.736965536738657
when	0001,0.16666666,,-1.000000085891328
when	0008,0.16666666,,-1.000000085891328
when	0011,0.2,,-0.736965536738657
which	0012,0.3333333,,0.9999999141086721
which	0005,0.3333333,,0.9999999141086721
will	0004,0.4,,1.263034463261343
will	0011,0.4,,1.263034463261343
with	0008,0.3333333,,-8.589132799414562E-8
with	0001,0.3333333,,-8.589132799414562E-8
with	0005,0.16666666,,-1.000000085891328
with	0012,0.16666666,,-1.000000085891328
word	0009,0.14285715,,-0.2223923065813519
word	0002,0.14285715,,-0.2223923065813519
words	0005,0.5,,0.5849625008211562
words	0002,0.14285715,,-1.222392306581352
words	0012,0.5,,0.5849625008211562
words	0009,0.14285715,,-1.222392306581352
written	0002,0.14285715,,-0.2223923065813519
written	0009,0.14285715,,-0.2223923065813519
years	0004,0.2,,-0.736965536738657
years	0002,0.14285715,,-1.222392306581352
years	0009,0.14285715,,-1.222392306581352
years	0011,0.2,,-0.736965536738657
you	0012,0.3333333,,0.9999999141086721
you	0005,0.3333333,,0.9999999141086721
