0001	It,2,91
0001	to,1,91
0001	unknown,1,91
0001	took,1,91
0001	1960s,1,91
0001	type,2,91
0001	typesetting,2,91
0001	unchanged,1,91
0001	Letraset,1,91
0001	Lorem,4,91
0001	PageMaker,1,91
0001	Aldus,1,91
0001	a,2,91
0001	Ipsum,4,91
0001	also,1,91
0001	an,1,91
0001	and,3,91
0001	with,2,91
0001	been,1,91
0001	book,1,91
0001	but,1,91
0001	centuries,1,91
0001	containing,1,91
0001	desktop,1,91
0001	dummy,2,91
0001	when,1,91
0001	electronic,1,91
0001	essentially,1,91
0001	ever,1,91
0001	was,1,91
0001	five,1,91
0001	galley,1,91
0001	has,2,91
0001	in,1,91
0001	including,1,91
0001	industry,1,91
0001	industrys,1,91
0001	1500s,1,91
0001	into,1,91
0001	is,1,91
0001	it,1,91
0001	leap,1,91
0001	like,1,91
0001	versions,1,91
0001	make,1,91
0001	more,1,91
0001	not,1,91
0001	of,4,91
0001	only,1,91
0001	passages,1,91
0001	popularised,1,91
0001	printer,1,91
0001	printing,1,91
0001	publishing,1,91
0001	recently,1,91
0001	release,1,91
0001	remaining,1,91
0001	scrambled,1,91
0001	sheets,1,91
0001	simply,1,91
0001	since,1,91
0001	software,1,91
0001	specimen,1,91
0001	standard,1,91
0001	survived,1,91
0001	text,2,91
0001	the,6,91
0002	11032,2,129
0002	years,1,129
0002	written,1,129
0002	words,1,129
0002	word,1,129
0002	very,1,129
0002	up,1,129
0002	undoubtable,1,129
0002	treatise,1,129
0002	to,1,129
0002	through,1,129
0002	theory,1,129
0002	the,6,129
0002	text,1,129
0002	source,1,129
0002	sit,1,129
0002	simply,1,129
0002	sections,1,129
0002	section,1,129
0002	roots,1,129
0002	random,1,129
0002	professor,1,129
0002	popular,2,129
0002	piece,1,129
0002	passage,1,129
0002	over,1,129
0002	one,1,129
0002	on,1,129
0002	old,1,129
0002	of,7,129
0002	obscure,1,129
0002	not,1,129
0002	more,1,129
0002	making,1,129
0002	looked,1,129
0002	literature,2,129
0002	line,2,129
0002	it,1,129
0002	is,2,129
0002	ipsum,1,129
0002	in,5,129
0002	has,1,129
0002	going,1,129
0002	from,4,129
0002	first,1,129
0002	ethics,1,129
0002	et,1,129
0002	during,1,129
0002	dolor,1,129
0002	discovered,1,129
0002	de,1,129
0002	consectetur,1,129
0002	comes,2,129
0002	classical,2,129
0002	cites,1,129
0002	by,1,129
0002	book,1,129
0002	belief,1,129
0002	at,1,129
0002	and,3,129
0002	amet,1,129
0002	a,5,129
0002	Virginia,1,129
0002	This,1,129
0002	The,2,129
0002	Richard,1,129
0002	Renaissance,1,129
0002	McClintock,1,129
0002	Malorum,1,129
0002	Lorem,5,129
0002	Latin,3,129
0002	It,1,129
0002	Ipsum,4,129
0002	HampdenSydney,1,129
0002	Good,1,129
0002	Finibus,1,129
0002	Extremes,1,129
0002	Evil,1,129
0002	Contrary,1,129
0002	College,1,129
0002	Cicero,1,129
0002	Bonorum,1,129
0002	BC,2,129
0002	45,2,129
0002	2000,1,129
0002	11033,1,129
0003	those,1,47
0003	of,1,47
0003	Ipsum,1,47
0003	Finibus,1,47
0003	1500s,1,47
0003	original,1,47
0003	used,1,47
0003	translation,1,47
0003	Lorem,1,47
0003	Malorum,1,47
0003	since,1,47
0003	11032,1,47
0003	Rackham,1,47
0003	Sections,1,47
0003	standard,1,47
0003	The,1,47
0003	accompanied,1,47
0003	also,1,47
0003	and,1,47
0003	are,1,47
0003	1914,1,47
0003	below,1,47
0003	by,3,47
0003	chunk,1,47
0003	Bonorum,1,47
0003	reproduced,2,47
0003	11033,1,47
0003	the,2,47
0003	Cicero,1,47
0003	de,1,47
0003	their,1,47
0003	H,1,47
0003	et,1,47
0003	exact,1,47
0003	for,1,47
0003	form,1,47
0003	from,2,47
0003	in,1,47
0003	interested,1,47
0003	is,1,47
0003	versions,1,47
0003	English,1,47
0004	infancy,1,104
0004	and,3,104
0004	injected,1,104
0004	use,1,104
0004	as,2,104
0004	search,1,104
0004	at,1,104
0004	using,2,104
0004	be,1,104
0004	their,2,104
0004	will,2,104
0004	ipsum,1,104
0004	by,2,104
0004	English,1,104
0004	is,2,104
0004	it,2,104
0004	its,1,104
0004	layout,1,104
0004	content,2,104
0004	the,3,104
0004	versions,1,104
0004	letters,1,104
0004	default,1,104
0004	desktop,1,104
0004	distracted,1,104
0004	still,1,104
0004	distribution,1,104
0004	point,1,104
0004	when,1,104
0004	reader,1,104
0004	editors,1,104
0004	readable,2,104
0004	web,2,104
0004	sometimes,2,104
0004	established,1,104
0004	making,1,104
0004	model,1,104
0004	moreorless,1,104
0004	page,2,104
0004	normal,1,104
0004	packages,1,104
0004	now,1,104
0004	like,2,104
0004	of,3,104
0004	Content,1,104
0004	over,1,104
0004	evolved,1,104
0004	long,1,104
0004	on,1,104
0004	fact,1,104
0004	opposed,1,104
0004	purpose,1,104
0004	Ipsum,2,104
0004	to,1,104
0004	text,1,104
0004	look,1,104
0004	sites,1,104
0004	uncover,1,104
0004	It,1,104
0004	for,1,104
0004	Lorem,2,104
0004	many,1,104
0004	Many,1,104
0004	publishing,1,104
0004	looking,1,104
0004	has,1,104
0004	have,1,104
0004	here,2,104
0004	that,2,104
0004	humour,1,104
0004	The,1,104
0004	Various,1,104
0004	years,1,104
0004	a,5,104
0004	accident,1,104
0004	lorem,1,104
0004	in,1,104
0005	structures,1,121
0005	Internet,2,121
0005	some,1,121
0005	slightly,1,121
0005	If,1,121
0005	uses,1,121
0005	sentence,1,121
0005	repetition,1,121
0005	repeat,1,121
0005	variations,1,121
0005	reasonable,1,121
0005	randomised,1,121
0005	predefined,1,121
0005	passages,1,121
0005	passage,1,121
0005	over,1,121
0005	or,2,121
0005	on,2,121
0005	of,6,121
0005	you,2,121
0005	noncharacteristic,1,121
0005	need,1,121
0005	necessary,1,121
0005	model,1,121
0005	middle,1,121
0005	many,1,121
0005	making,1,121
0005	majority,1,121
0005	looks,1,121
0005	look,1,121
0005	isnt,1,121
0005	is,1,121
0005	injected,2,121
0005	in,2,121
0005	humour,2,121
0005	hidden,1,121
0005	have,1,121
0005	handful,1,121
0005	going,1,121
0005	generators,1,121
0005	generator,1,121
0005	generated,1,121
0005	generate,1,121
0005	from,1,121
0005	free,1,121
0005	form,1,121
0005	first,1,121
0005	even,1,121
0005	etc,1,121
0005	embarrassing,1,121
0005	dont,1,121
0005	dictionary,1,121
0005	combined,1,121
0005	chunks,1,121
0005	which,2,121
0005	by,1,121
0005	but,1,121
0005	believable,1,121
0005	be,1,121
0005	available,1,121
0005	as,1,121
0005	are,2,121
0005	anything,1,121
0005	All,1,121
0005	with,1,121
0005	always,1,121
0005	alteration,1,121
0005	a,3,121
0005	There,1,121
0005	The,1,121
0005	words,3,121
0005	Lorem,5,121
0005	200,1,121
0005	Latin,1,121
0005	It,1,121
0005	true,1,121
0005	Ipsum,5,121
0005	to,4,121
0005	this,1,121
0005	therefore,1,121
0005	there,1,121
0005	the,6,121
0005	text,1,121
0005	tend,1,121
0005	use,1,121
0005	sure,1,121
0005	suffered,1,121
0006	mauris,1,134
0006	massa,1,134
0006	tortor,1,134
0006	malesuada,1,134
0006	vel,1,134
0006	magna,3,134
0006	luctus,2,134
0006	pellentesque,1,134
0006	pharetra,1,134
0006	Duis,2,134
0006	libero,1,134
0006	leo,1,134
0006	lacinia,1,134
0006	justo,1,134
0006	Donec,2,134
0006	Curae,1,134
0006	ipsum,2,134
0006	posuere,2,134
0006	tempor,1,134
0006	primis,1,134
0006	vitae,1,134
0006	in,3,134
0006	vehicula,1,134
0006	viverra,2,134
0006	imperdiet,1,134
0006	Cras,3,134
0006	tincidunt,2,134
0006	gravida,2,134
0006	fringilla,2,134
0006	vulputate,1,134
0006	feugiat,2,134
0006	faucibus,1,134
0006	quam,1,134
0006	eu,2,134
0006	quis,2,134
0006	et,3,134
0006	elit,2,134
0006	dui,1,134
0006	dolor,1,134
0006	dictum,1,134
0006	diam,1,134
0006	dapibus,1,134
0006	cursus,1,134
0006	cubilia,1,134
0006	convallis,2,134
0006	consequat,1,134
0006	consectetur,2,134
0006	commodo,1,134
0006	rutrum,1,134
0006	bibendum,1,134
0006	sapien,1,134
0006	augue,1,134
0006	at,1,134
0006	arcu,1,134
0006	ante,2,134
0006	amet,6,134
0006	sed,1,134
0006	aliquet,2,134
0006	adipiscing,1,134
0006	sem,1,134
0006	ac,2,134
0006	semper,3,134
0006	Aliquam,1,134
0006	Vestibulum,2,134
0006	Ut,1,134
0006	Suspendisse,1,134
0006	Praesent,1,134
0006	Pellentesque,1,134
0006	Nulla,1,134
0006	Lorem,1,134
0006	sit,6,134
0006	ultricies,1,134
0006	ultrices,2,134
0006	ullamcorper,1,134
0006	orci,2,134
0006	turpis,1,134
0006	ornare,1,134
0006	velit,1,134
0006	nunc,2,134
0006	nulla,1,134
0006	non,1,134
0006	nisl,1,134
0006	nisi,4,134
0006	nibh,1,134
0006	tempus,1,134
0006	venenatis,1,134
0006	mollis,1,134
0006	mi,1,134
0006	metus,1,134
0007	mattis,1,99
0007	sit,1,99
0007	venenatis,1,99
0007	magna,1,99
0007	pulvinar,1,99
0007	Donec,2,99
0007	placerat,1,99
0007	ligula,1,99
0007	leo,1,99
0007	lacus,1,99
0007	lacinia,1,99
0007	nec,1,99
0007	justo,1,99
0007	vehicula,2,99
0007	Cras,2,99
0007	porta,1,99
0007	porttitor,1,99
0007	ipsum,1,99
0007	Curabitur,1,99
0007	feugiat,1,99
0007	fermentum,2,99
0007	faucibus,2,99
0007	facilisis,1,99
0007	facilisi,1,99
0007	purus,1,99
0007	ex,1,99
0007	vel,1,99
0007	euismod,1,99
0007	eu,1,99
0007	imperdiet,2,99
0007	et,2,99
0007	quis,1,99
0007	est,1,99
0007	id,1,99
0007	eros,1,99
0007	elementum,1,99
0007	dolor,1,99
0007	sodales,1,99
0007	varius,1,99
0007	diam,3,99
0007	ut,2,99
0007	dapibus,1,99
0007	mi,2,99
0007	mauris,1,99
0007	massa,1,99
0007	congue,1,99
0007	condimentum,1,99
0007	nulla,1,99
0007	tincidunt,1,99
0007	rhoncus,1,99
0007	viverra,2,99
0007	scelerisque,1,99
0007	gravida,2,99
0007	augue,3,99
0007	arcu,1,99
0007	ante,1,99
0007	velit,1,99
0007	amet,1,99
0007	Aliquam,1,99
0007	vitae,1,99
0007	aliquet,1,99
0007	sollicitudin,2,99
0007	sed,2,99
0007	non,2,99
0007	ac,1,99
0007	nisl,2,99
0007	nisi,2,99
0007	volutpat,1,99
0007	Suspendisse,1,99
0007	nibh,1,99
0007	Sed,1,99
0007	suscipit,1,99
0007	Nunc,1,99
0007	Nulla,1,99
0007	tortor,1,99
0007	Mauris,1,99
0007	Maecenas,1,99
0007	fringilla,1,99
0007	pretium,1,99
0008	galley,1,91
0008	sheets,1,91
0008	a,2,91
0008	and,3,91
0008	in,1,91
0008	specimen,1,91
0008	into,1,91
0008	including,1,91
0008	desktop,1,91
0008	typesetting,2,91
0008	when,1,91
0008	scrambled,1,91
0008	release,1,91
0008	not,1,91
0008	versions,1,91
0008	since,1,91
0008	remaining,1,91
0008	the,6,91
0008	industry,1,91
0008	popularised,1,91
0008	like,1,91
0008	to,1,91
0008	been,1,91
0008	unknown,1,91
0008	containing,1,91
0008	1500s,1,91
0008	book,1,91
0008	it,1,91
0008	PageMaker,1,91
0008	only,1,91
0008	printer,1,91
0008	but,1,91
0008	1960s,1,91
0008	Letraset,1,91
0008	has,2,91
0008	industrys,1,91
0008	centuries,1,91
0008	Aldus,1,91
0008	more,1,91
0008	leap,1,91
0008	printing,1,91
0008	essentially,1,91
0008	five,1,91
0008	simply,1,91
0008	passages,1,91
0008	standard,1,91
0008	make,1,91
0008	type,2,91
0008	electronic,1,91
0008	took,1,91
0008	publishing,1,91
0008	survived,1,91
0008	unchanged,1,91
0008	is,1,91
0008	dummy,2,91
0008	It,2,91
0008	ever,1,91
0008	Lorem,4,91
0008	also,1,91
0008	was,1,91
0008	text,2,91
0008	of,4,91
0008	software,1,91
0008	with,2,91
0008	Ipsum,4,91
0008	an,1,91
0008	recently,1,91
0009	ipsum,1,129
0009	sit,1,129
0009	This,1,129
0009	years,1,129
0009	text,1,129
0009	Extremes,1,129
0009	more,1,129
0009	The,2,129
0009	old,1,129
0009	in,5,129
0009	ethics,1,129
0009	45,2,129
0009	one,1,129
0009	theory,1,129
0009	et,1,129
0009	words,1,129
0009	College,1,129
0009	random,1,129
0009	Richard,1,129
0009	during,1,129
0009	11033,1,129
0009	of,7,129
0009	dolor,1,129
0009	11032,2,129
0009	Renaissance,1,129
0009	discovered,1,129
0009	Cicero,1,129
0009	2000,1,129
0009	over,1,129
0009	simply,1,129
0009	de,1,129
0009	Evil,1,129
0009	from,4,129
0009	obscure,1,129
0009	consectetur,1,129
0009	Latin,3,129
0009	comes,2,129
0009	classical,2,129
0009	Bonorum,1,129
0009	cites,1,129
0009	McClintock,1,129
0009	Good,1,129
0009	by,1,129
0009	roots,1,129
0009	has,1,129
0009	professor,1,129
0009	book,1,129
0009	BC,2,129
0009	very,1,129
0009	the,6,129
0009	belief,1,129
0009	Finibus,1,129
0009	not,1,129
0009	at,1,129
0009	going,1,129
0009	source,1,129
0009	through,1,129
0009	Contrary,1,129
0009	section,1,129
0009	Malorum,1,129
0009	and,3,129
0009	HampdenSydney,1,129
0009	sections,1,129
0009	up,1,129
0009	amet,1,129
0009	Lorem,5,129
0009	treatise,1,129
0009	passage,1,129
0009	It,1,129
0009	making,1,129
0009	undoubtable,1,129
0009	written,1,129
0009	looked,1,129
0009	first,1,129
0009	literature,2,129
0009	Ipsum,4,129
0009	line,2,129
0009	piece,1,129
0009	a,5,129
0009	popular,2,129
0009	on,1,129
0009	word,1,129
0009	Virginia,1,129
0009	it,1,129
0009	to,1,129
0009	is,2,129
0010	exact,1,47
0010	H,1,47
0010	is,1,47
0010	interested,1,47
0010	Bonorum,1,47
0010	standard,1,47
0010	the,2,47
0010	accompanied,1,47
0010	et,1,47
0010	and,1,47
0010	11032,1,47
0010	1500s,1,47
0010	are,1,47
0010	below,1,47
0010	form,1,47
0010	original,1,47
0010	English,1,47
0010	Sections,1,47
0010	11033,1,47
0010	Cicero,1,47
0010	in,1,47
0010	translation,1,47
0010	versions,1,47
0010	from,2,47
0010	The,1,47
0010	those,1,47
0010	also,1,47
0010	Malorum,1,47
0010	Ipsum,1,47
0010	Rackham,1,47
0010	reproduced,2,47
0010	de,1,47
0010	Finibus,1,47
0010	since,1,47
0010	chunk,1,47
0010	used,1,47
0010	for,1,47
0010	their,1,47
0010	of,1,47
0010	1914,1,47
0010	by,3,47
0010	Lorem,1,47
0011	as,2,104
0011	search,1,104
0011	layout,1,104
0011	Various,1,104
0011	English,1,104
0011	desktop,1,104
0011	and,3,104
0011	sites,1,104
0011	uncover,1,104
0011	versions,1,104
0011	moreorless,1,104
0011	that,2,104
0011	distracted,1,104
0011	distribution,1,104
0011	its,1,104
0011	It,1,104
0011	normal,1,104
0011	use,1,104
0011	Lorem,2,104
0011	their,2,104
0011	packages,1,104
0011	injected,1,104
0011	it,2,104
0011	humour,1,104
0011	accident,1,104
0011	reader,1,104
0011	readable,2,104
0011	many,1,104
0011	editors,1,104
0011	The,1,104
0011	for,1,104
0011	making,1,104
0011	purpose,1,104
0011	web,2,104
0011	years,1,104
0011	publishing,1,104
0011	page,2,104
0011	model,1,104
0011	fact,1,104
0011	in,1,104
0011	lorem,1,104
0011	infancy,1,104
0011	established,1,104
0011	looking,1,104
0011	of,3,104
0011	Ipsum,2,104
0011	ipsum,1,104
0011	look,1,104
0011	to,1,104
0011	long,1,104
0011	sometimes,2,104
0011	have,1,104
0011	Content,1,104
0011	has,1,104
0011	by,2,104
0011	is,2,104
0011	the,3,104
0011	a,5,104
0011	like,2,104
0011	here,2,104
0011	when,1,104
0011	now,1,104
0011	still,1,104
0011	letters,1,104
0011	content,2,104
0011	will,2,104
0011	over,1,104
0011	be,1,104
0011	Many,1,104
0011	using,2,104
0011	on,1,104
0011	point,1,104
0011	at,1,104
0011	text,1,104
0011	default,1,104
0011	opposed,1,104
0011	evolved,1,104
0012	injected,2,121
0012	or,2,121
0012	in,2,121
0012	slightly,1,121
0012	humour,2,121
0012	hidden,1,121
0012	have,1,121
0012	handful,1,121
0012	on,2,121
0012	going,1,121
0012	generators,1,121
0012	generator,1,121
0012	generated,1,121
0012	generate,1,121
0012	this,1,121
0012	from,1,121
0012	variations,1,121
0012	free,1,121
0012	therefore,1,121
0012	form,1,121
0012	first,1,121
0012	there,1,121
0012	even,1,121
0012	of,6,121
0012	etc,1,121
0012	randomised,1,121
0012	embarrassing,1,121
0012	dont,1,121
0012	reasonable,1,121
0012	true,1,121
0012	dictionary,1,121
0012	repeat,1,121
0012	suffered,1,121
0012	repetition,1,121
0012	combined,1,121
0012	some,1,121
0012	chunks,1,121
0012	the,6,121
0012	by,1,121
0012	you,2,121
0012	but,1,121
0012	which,2,121
0012	model,1,121
0012	over,1,121
0012	believable,1,121
0012	be,1,121
0012	available,1,121
0012	sure,1,121
0012	All,1,121
0012	as,1,121
0012	are,2,121
0012	use,1,121
0012	anything,1,121
0012	always,1,121
0012	alteration,1,121
0012	text,1,121
0012	with,1,121
0012	noncharacteristic,1,121
0012	a,3,121
0012	sentence,1,121
0012	There,1,121
0012	The,1,121
0012	uses,1,121
0012	middle,1,121
0012	need,1,121
0012	structures,1,121
0012	200,1,121
0012	Lorem,5,121
0012	necessary,1,121
0012	If,1,121
0012	Internet,2,121
0012	words,3,121
0012	Latin,1,121
0012	It,1,121
0012	many,1,121
0012	tend,1,121
0012	making,1,121
0012	passage,1,121
0012	majority,1,121
0012	Ipsum,5,121
0012	looks,1,121
0012	to,4,121
0012	passages,1,121
0012	look,1,121
0012	isnt,1,121
0012	is,1,121
0012	predefined,1,121
