11032	0010,0.3333333,	4,0.3333333,-8.599132799414562E-8
11032	0009,0.2857143,	4,0.2857143,-0.2223923066813519
11032	0003,0.3333333,	4,0.3333333,-8.599132799414562E-8
11032	0002,0.2857143,	4,0.2857143,-0.2223923066813519
11033	0010,0.3333333,	4,0.3333333,-8.599132799414562E-8
11033	0002,0.14285715,	4,0.14285715,-1.222392306681352
11033	0003,0.3333333,	4,0.3333333,-8.599132799414562E-8
11033	0009,0.14285715,	4,0.14285715,-1.222392306681352
1500s	0001,0.16666666,	4,0.16666666,-1.000000085991328
1500s	0003,0.3333333,	4,0.3333333,-8.599132799414562E-8
1500s	0010,0.3333333,	4,0.3333333,-8.599132799414562E-8
1500s	0008,0.16666666,	4,0.16666666,-1.000000085991328
1914	0010,0.3333333,	2,0.3333333,0.999999914008672
1914	0003,0.3333333,	2,0.3333333,0.999999914008672
1960s	0001,0.16666666,	2,0.16666666,-8.599132799414562E-8
1960s	0008,0.16666666,	2,0.16666666,-8.599132799414562E-8
200	0012,0.16666666,	2,0.16666666,-8.599132799414562E-8
200	0005,0.16666666,	2,0.16666666,-8.599132799414562E-8
2000	0002,0.14285715,	2,0.14285715,-0.2223923066813519
2000	0009,0.14285715,	2,0.14285715,-0.2223923066813519
45	0009,0.2857143,	2,0.2857143,0.7776076933186481
45	0002,0.2857143,	2,0.2857143,0.7776076933186481
Aldus	0001,0.16666666,	2,0.16666666,-8.599132799414562E-8
Aldus	0008,0.16666666,	2,0.16666666,-8.599132799414562E-8
Aliquam	0006,0.16666666,	2,0.16666666,-8.599132799414562E-8
Aliquam	0007,0.3333333,	2,0.3333333,0.999999914008672
All	0012,0.16666666,	2,0.16666666,-8.599132799414562E-8
All	0005,0.16666666,	2,0.16666666,-8.599132799414562E-8
BC	0002,0.2857143,	2,0.2857143,0.7776076933186481
BC	0009,0.2857143,	2,0.2857143,0.7776076933186481
Bonorum	0003,0.3333333,	4,0.3333333,-8.599132799414562E-8
Bonorum	0009,0.14285715,	4,0.14285715,-1.222392306681352
Bonorum	0010,0.3333333,	4,0.3333333,-8.599132799414562E-8
Bonorum	0002,0.14285715,	4,0.14285715,-1.222392306681352
Cicero	0009,0.14285715,	4,0.14285715,-1.222392306681352
Cicero	0003,0.3333333,	4,0.3333333,-8.599132799414562E-8
Cicero	0002,0.14285715,	4,0.14285715,-1.222392306681352
Cicero	0010,0.3333333,	4,0.3333333,-8.599132799414562E-8
College	0009,0.14285715,	2,0.14285715,-0.2223923066813519
College	0002,0.14285715,	2,0.14285715,-0.2223923066813519
Content	0011,0.2,	2,0.2,0.263034463161343
Content	0004,0.2,	2,0.2,0.263034463161343
Contrary	0002,0.14285715,	2,0.14285715,-0.2223923066813519
Contrary	0009,0.14285715,	2,0.14285715,-0.2223923066813519
Cras	0006,0.5,	2,0.5,1.5849625007211563
Cras	0007,0.6666666,	2,0.6666666,1.999999914008672
Curabitur	0007,0.3333333,	1,0.3333333,1.999999914008672
Curae	0006,0.16666666,	1,0.16666666,0.999999914008672
Donec	0006,0.3333333,	2,0.3333333,0.999999914008672
Donec	0007,0.6666666,	2,0.6666666,1.999999914008672
Duis	0006,0.3333333,	1,0.3333333,1.999999914008672
English	0003,0.3333333,	4,0.3333333,-8.599132799414562E-8
English	0011,0.2,	4,0.2,-0.736965536838657
English	0004,0.2,	4,0.2,-0.736965536838657
English	0010,0.3333333,	4,0.3333333,-8.599132799414562E-8
Evil	0002,0.14285715,	2,0.14285715,-0.2223923066813519
Evil	0009,0.14285715,	2,0.14285715,-0.2223923066813519
Extremes	0009,0.14285715,	2,0.14285715,-0.2223923066813519
Extremes	0002,0.14285715,	2,0.14285715,-0.2223923066813519
Finibus	0002,0.14285715,	4,0.14285715,-1.222392306681352
Finibus	0010,0.3333333,	4,0.3333333,-8.599132799414562E-8
Finibus	0003,0.3333333,	4,0.3333333,-8.599132799414562E-8
Finibus	0009,0.14285715,	4,0.14285715,-1.222392306681352
Good	0009,0.14285715,	2,0.14285715,-0.2223923066813519
Good	0002,0.14285715,	2,0.14285715,-0.2223923066813519
H	0003,0.3333333,	2,0.3333333,0.999999914008672
H	0010,0.3333333,	2,0.3333333,0.999999914008672
HampdenSydney	0009,0.14285715,	2,0.14285715,-0.2223923066813519
HampdenSydney	0002,0.14285715,	2,0.14285715,-0.2223923066813519
If	0012,0.16666666,	2,0.16666666,-8.599132799414562E-8
If	0005,0.16666666,	2,0.16666666,-8.599132799414562E-8
Internet	0005,0.3333333,	2,0.3333333,0.999999914008672
Internet	0012,0.3333333,	2,0.3333333,0.999999914008672
Ipsum	0011,0.4,	10,0.4,-1.3219280733895313
Ipsum	0005,0.8333333,	10,0.8333333,-0.26303444023032446
Ipsum	0012,0.8333333,	10,0.8333333,-0.26303444023032446
Ipsum	0001,0.6666666,	10,0.6666666,-0.5849625867124842
Ipsum	0004,0.4,	10,0.4,-1.3219280733895313
Ipsum	0008,0.6666666,	10,0.6666666,-0.5849625867124842
Ipsum	0009,0.5714286,	10,0.5714286,-0.8073548575641115
Ipsum	0003,0.3333333,	10,0.3333333,-1.5849625867124844
Ipsum	0010,0.3333333,	10,0.3333333,-1.5849625867124844
Ipsum	0002,0.5714286,	10,0.5714286,-0.8073548575641115
It	0001,0.3333333,	8,0.3333333,-1.5849625867124844
It	0004,0.2,	8,0.2,-2.321928073389531
It	0005,0.16666666,	8,0.16666666,-2.5849625867124844
It	0012,0.16666666,	8,0.16666666,-2.5849625867124844
It	0002,0.14285715,	8,0.14285715,-2.8073548575641114
It	0009,0.14285715,	8,0.14285715,-2.8073548575641114
It	0008,0.3333333,	8,0.3333333,-1.5849625867124844
It	0011,0.2,	8,0.2,-2.321928073389531
Latin	0012,0.16666666,	4,0.16666666,-1.000000085991328
Latin	0009,0.42857143,	4,0.42857143,0.36257006027552474
Latin	0005,0.16666666,	4,0.16666666,-1.000000085991328
Latin	0002,0.42857143,	4,0.42857143,0.36257006027552474
Letraset	0001,0.16666666,	2,0.16666666,-8.599132799414562E-8
Letraset	0008,0.16666666,	2,0.16666666,-8.599132799414562E-8
Lorem	0002,0.71428573,	11,0.71428573,-0.485426792773712
Lorem	0012,0.8333333,	11,0.8333333,-0.26303444023032446
Lorem	0008,0.6666666,	11,0.6666666,-0.5849625867124842
Lorem	0004,0.4,	11,0.4,-1.3219280733895313
Lorem	0005,0.8333333,	11,0.8333333,-0.26303444023032446
Lorem	0001,0.6666666,	11,0.6666666,-0.5849625867124842
Lorem	0003,0.3333333,	11,0.3333333,-1.5849625867124844
Lorem	0010,0.3333333,	11,0.3333333,-1.5849625867124844
Lorem	0011,0.4,	11,0.4,-1.3219280733895313
Lorem	0006,0.16666666,	11,0.16666666,-2.5849625867124844
Lorem	0009,0.71428573,	11,0.71428573,-0.485426792773712
Maecenas	0007,0.3333333,	1,0.3333333,1.999999914008672
Malorum	0010,0.3333333,	4,0.3333333,-8.599132799414562E-8
Malorum	0009,0.14285715,	4,0.14285715,-1.222392306681352
Malorum	0003,0.3333333,	4,0.3333333,-8.599132799414562E-8
Malorum	0002,0.14285715,	4,0.14285715,-1.222392306681352
Many	0004,0.2,	2,0.2,0.263034463161343
Many	0011,0.2,	2,0.2,0.263034463161343
Mauris	0007,0.3333333,	1,0.3333333,1.999999914008672
McClintock	0002,0.14285715,	2,0.14285715,-0.2223923066813519
McClintock	0009,0.14285715,	2,0.14285715,-0.2223923066813519
Nulla	0006,0.16666666,	2,0.16666666,-8.599132799414562E-8
Nulla	0007,0.3333333,	2,0.3333333,0.999999914008672
Nunc	0007,0.3333333,	1,0.3333333,1.999999914008672
PageMaker	0008,0.16666666,	2,0.16666666,-8.599132799414562E-8
PageMaker	0001,0.16666666,	2,0.16666666,-8.599132799414562E-8
Pellentesque	0006,0.16666666,	1,0.16666666,0.999999914008672
Praesent	0006,0.16666666,	1,0.16666666,0.999999914008672
Rackham	0003,0.3333333,	2,0.3333333,0.999999914008672
Rackham	0010,0.3333333,	2,0.3333333,0.999999914008672
Renaissance	0002,0.14285715,	2,0.14285715,-0.2223923066813519
Renaissance	0009,0.14285715,	2,0.14285715,-0.2223923066813519
Richard	0002,0.14285715,	2,0.14285715,-0.2223923066813519
Richard	0009,0.14285715,	2,0.14285715,-0.2223923066813519
Sections	0003,0.3333333,	2,0.3333333,0.999999914008672
Sections	0010,0.3333333,	2,0.3333333,0.999999914008672
Sed	0007,0.3333333,	1,0.3333333,1.999999914008672
Suspendisse	0006,0.16666666,	2,0.16666666,-8.599132799414562E-8
Suspendisse	0007,0.3333333,	2,0.3333333,0.999999914008672
The	0011,0.2,	8,0.2,-2.321928073389531
The	0004,0.2,	8,0.2,-2.321928073389531
The	0010,0.3333333,	8,0.3333333,-1.5849625867124844
The	0012,0.16666666,	8,0.16666666,-2.5849625867124844
The	0003,0.3333333,	8,0.3333333,-1.5849625867124844
The	0002,0.2857143,	8,0.2857143,-1.8073548575641114
The	0005,0.16666666,	8,0.16666666,-2.5849625867124844
The	0009,0.2857143,	8,0.2857143,-1.8073548575641114
There	0012,0.16666666,	2,0.16666666,-8.599132799414562E-8
There	0005,0.16666666,	2,0.16666666,-8.599132799414562E-8
This	0009,0.14285715,	2,0.14285715,-0.2223923066813519
This	0002,0.14285715,	2,0.14285715,-0.2223923066813519
Ut	0006,0.16666666,	1,0.16666666,0.999999914008672
Various	0004,0.2,	2,0.2,0.263034463161343
Various	0011,0.2,	2,0.2,0.263034463161343
Vestibulum	0006,0.3333333,	1,0.3333333,1.999999914008672
Virginia	0009,0.14285715,	2,0.14285715,-0.2223923066813519
Virginia	0002,0.14285715,	2,0.14285715,-0.2223923066813519
a	0012,0.5,	8,0.5,-1.0
a	0004,1.0,	8,1.0,0.0
a	0011,1.0,	8,1.0,0.0
a	0002,0.71428573,	8,0.71428573,-0.485426792773712
a	0001,0.3333333,	8,0.3333333,-1.5849625867124844
a	0008,0.3333333,	8,0.3333333,-1.5849625867124844
a	0005,0.5,	8,0.5,-1.0
a	0009,0.71428573,	8,0.71428573,-0.485426792773712
ac	0006,0.3333333,	2,0.3333333,0.999999914008672
ac	0007,0.3333333,	2,0.3333333,0.999999914008672
accident	0004,0.2,	2,0.2,0.263034463161343
accident	0011,0.2,	2,0.2,0.263034463161343
accompanied	0010,0.3333333,	2,0.3333333,0.999999914008672
accompanied	0003,0.3333333,	2,0.3333333,0.999999914008672
adipiscing	0006,0.16666666,	1,0.16666666,0.999999914008672
aliquet	0006,0.3333333,	2,0.3333333,0.999999914008672
aliquet	0007,0.3333333,	2,0.3333333,0.999999914008672
also	0001,0.16666666,	4,0.16666666,-1.000000085991328
also	0003,0.3333333,	4,0.3333333,-8.599132799414562E-8
also	0008,0.16666666,	4,0.16666666,-1.000000085991328
also	0010,0.3333333,	4,0.3333333,-8.599132799414562E-8
alteration	0005,0.16666666,	2,0.16666666,-8.599132799414562E-8
alteration	0012,0.16666666,	2,0.16666666,-8.599132799414562E-8
always	0012,0.16666666,	2,0.16666666,-8.599132799414562E-8
always	0005,0.16666666,	2,0.16666666,-8.599132799414562E-8
amet	0007,0.3333333,	4,0.3333333,-8.599132799414562E-8
amet	0002,0.14285715,	4,0.14285715,-1.222392306681352
amet	0006,1.0,	4,1.0,1.5849625007211563
amet	0009,0.14285715,	4,0.14285715,-1.222392306681352
an	0008,0.16666666,	2,0.16666666,-8.599132799414562E-8
an	0001,0.16666666,	2,0.16666666,-8.599132799414562E-8
and	0011,0.59999996,	8,0.59999996,-0.7369656801575343
and	0001,0.5,	8,0.5,-1.0
and	0004,0.59999996,	8,0.59999996,-0.7369656801575343
and	0002,0.42857143,	8,0.42857143,-1.2223924070045604
and	0003,0.3333333,	8,0.3333333,-1.5849625867124844
and	0009,0.42857143,	8,0.42857143,-1.2223924070045604
and	0010,0.3333333,	8,0.3333333,-1.5849625867124844
and	0008,0.5,	8,0.5,-1.0
ante	0007,0.3333333,	2,0.3333333,0.999999914008672
ante	0006,0.3333333,	2,0.3333333,0.999999914008672
anything	0005,0.16666666,	2,0.16666666,-8.599132799414562E-8
anything	0012,0.16666666,	2,0.16666666,-8.599132799414562E-8
arcu	0007,0.3333333,	2,0.3333333,0.999999914008672
arcu	0006,0.16666666,	2,0.16666666,-8.599132799414562E-8
are	0012,0.3333333,	4,0.3333333,-8.599132799414562E-8
are	0005,0.3333333,	4,0.3333333,-8.599132799414562E-8
are	0003,0.3333333,	4,0.3333333,-8.599132799414562E-8
are	0010,0.3333333,	4,0.3333333,-8.599132799414562E-8
as	0004,0.4,	4,0.4,0.263034463161343
as	0011,0.4,	4,0.4,0.263034463161343
as	0012,0.16666666,	4,0.16666666,-1.000000085991328
as	0005,0.16666666,	4,0.16666666,-1.000000085991328
at	0006,0.16666666,	5,0.16666666,-1.5849625867124844
at	0002,0.14285715,	5,0.14285715,-1.8073548575641114
at	0011,0.2,	5,0.2,-1.3219280733895313
at	0004,0.2,	5,0.2,-1.3219280733895313
at	0009,0.14285715,	5,0.14285715,-1.8073548575641114
augue	0006,0.16666666,	2,0.16666666,-8.599132799414562E-8
augue	0007,1.0,	2,1.0,2.584962500721156
available	0005,0.16666666,	2,0.16666666,-8.599132799414562E-8
available	0012,0.16666666,	2,0.16666666,-8.599132799414562E-8
be	0011,0.2,	4,0.2,-0.736965536838657
be	0005,0.16666666,	4,0.16666666,-1.000000085991328
be	0012,0.16666666,	4,0.16666666,-1.000000085991328
be	0004,0.2,	4,0.2,-0.736965536838657
been	0001,0.16666666,	2,0.16666666,-8.599132799414562E-8
been	0008,0.16666666,	2,0.16666666,-8.599132799414562E-8
belief	0002,0.14285715,	2,0.14285715,-0.2223923066813519
belief	0009,0.14285715,	2,0.14285715,-0.2223923066813519
believable	0005,0.16666666,	2,0.16666666,-8.599132799414562E-8
believable	0012,0.16666666,	2,0.16666666,-8.599132799414562E-8
below	0010,0.3333333,	2,0.3333333,0.999999914008672
below	0003,0.3333333,	2,0.3333333,0.999999914008672
bibendum	0006,0.16666666,	1,0.16666666,0.999999914008672
book	0008,0.16666666,	4,0.16666666,-1.000000085991328
book	0002,0.14285715,	4,0.14285715,-1.222392306681352
book	0009,0.14285715,	4,0.14285715,-1.222392306681352
book	0001,0.16666666,	4,0.16666666,-1.000000085991328
but	0005,0.16666666,	4,0.16666666,-1.000000085991328
but	0001,0.16666666,	4,0.16666666,-1.000000085991328
but	0008,0.16666666,	4,0.16666666,-1.000000085991328
but	0012,0.16666666,	4,0.16666666,-1.000000085991328
by	0009,0.14285715,	8,0.14285715,-2.8073548575641114
by	0011,0.4,	8,0.4,-1.3219280733895313
by	0002,0.14285715,	8,0.14285715,-2.8073548575641114
by	0004,0.4,	8,0.4,-1.3219280733895313
by	0010,1.0,	8,1.0,0.0
by	0005,0.16666666,	8,0.16666666,-2.5849625867124844
by	0012,0.16666666,	8,0.16666666,-2.5849625867124844
by	0003,1.0,	8,1.0,0.0
centuries	0008,0.16666666,	2,0.16666666,-8.599132799414562E-8
centuries	0001,0.16666666,	2,0.16666666,-8.599132799414562E-8
chunk	0010,0.3333333,	2,0.3333333,0.999999914008672
chunk	0003,0.3333333,	2,0.3333333,0.999999914008672
chunks	0005,0.16666666,	2,0.16666666,-8.599132799414562E-8
chunks	0012,0.16666666,	2,0.16666666,-8.599132799414562E-8
cites	0002,0.14285715,	2,0.14285715,-0.2223923066813519
cites	0009,0.14285715,	2,0.14285715,-0.2223923066813519
classical	0009,0.2857143,	2,0.2857143,0.7776076933186481
classical	0002,0.2857143,	2,0.2857143,0.7776076933186481
combined	0005,0.16666666,	2,0.16666666,-8.599132799414562E-8
combined	0012,0.16666666,	2,0.16666666,-8.599132799414562E-8
comes	0009,0.2857143,	2,0.2857143,0.7776076933186481
comes	0002,0.2857143,	2,0.2857143,0.7776076933186481
commodo	0006,0.16666666,	1,0.16666666,0.999999914008672
condimentum	0007,0.3333333,	1,0.3333333,1.999999914008672
congue	0007,0.3333333,	1,0.3333333,1.999999914008672
consectetur	0009,0.14285715,	3,0.14285715,-0.8073548575641115
consectetur	0002,0.14285715,	3,0.14285715,-0.8073548575641115
consectetur	0006,0.3333333,	3,0.3333333,0.4150374132875158
consequat	0006,0.16666666,	1,0.16666666,0.999999914008672
containing	0008,0.16666666,	2,0.16666666,-8.599132799414562E-8
containing	0001,0.16666666,	2,0.16666666,-8.599132799414562E-8
content	0004,0.4,	2,0.4,1.263034463161343
content	0011,0.4,	2,0.4,1.263034463161343
convallis	0006,0.3333333,	1,0.3333333,1.999999914008672
cubilia	0006,0.16666666,	1,0.16666666,0.999999914008672
cursus	0006,0.16666666,	1,0.16666666,0.999999914008672
dapibus	0006,0.16666666,	2,0.16666666,-8.599132799414562E-8
dapibus	0007,0.3333333,	2,0.3333333,0.999999914008672
de	0010,0.3333333,	4,0.3333333,-8.599132799414562E-8
de	0002,0.14285715,	4,0.14285715,-1.222392306681352
de	0003,0.3333333,	4,0.3333333,-8.599132799414562E-8
de	0009,0.14285715,	4,0.14285715,-1.222392306681352
default	0004,0.2,	2,0.2,0.263034463161343
default	0011,0.2,	2,0.2,0.263034463161343
desktop	0011,0.2,	4,0.2,-0.736965536838657
desktop	0008,0.16666666,	4,0.16666666,-1.000000085991328
desktop	0001,0.16666666,	4,0.16666666,-1.000000085991328
desktop	0004,0.2,	4,0.2,-0.736965536838657
diam	0007,1.0,	2,1.0,2.584962500721156
diam	0006,0.16666666,	2,0.16666666,-8.599132799414562E-8
dictionary	0005,0.16666666,	2,0.16666666,-8.599132799414562E-8
dictionary	0012,0.16666666,	2,0.16666666,-8.599132799414562E-8
dictum	0006,0.16666666,	1,0.16666666,0.999999914008672
discovered	0002,0.14285715,	2,0.14285715,-0.2223923066813519
discovered	0009,0.14285715,	2,0.14285715,-0.2223923066813519
distracted	0011,0.2,	2,0.2,0.263034463161343
distracted	0004,0.2,	2,0.2,0.263034463161343
distribution	0011,0.2,	2,0.2,0.263034463161343
distribution	0004,0.2,	2,0.2,0.263034463161343
dolor	0002,0.14285715,	4,0.14285715,-1.222392306681352
dolor	0006,0.16666666,	4,0.16666666,-1.000000085991328
dolor	0009,0.14285715,	4,0.14285715,-1.222392306681352
dolor	0007,0.3333333,	4,0.3333333,-8.599132799414562E-8
dont	0005,0.16666666,	2,0.16666666,-8.599132799414562E-8
dont	0012,0.16666666,	2,0.16666666,-8.599132799414562E-8
dui	0006,0.16666666,	1,0.16666666,0.999999914008672
dummy	0001,0.3333333,	2,0.3333333,0.999999914008672
dummy	0008,0.3333333,	2,0.3333333,0.999999914008672
during	0002,0.14285715,	2,0.14285715,-0.2223923066813519
during	0009,0.14285715,	2,0.14285715,-0.2223923066813519
editors	0004,0.2,	2,0.2,0.263034463161343
editors	0011,0.2,	2,0.2,0.263034463161343
electronic	0008,0.16666666,	2,0.16666666,-8.599132799414562E-8
electronic	0001,0.16666666,	2,0.16666666,-8.599132799414562E-8
elementum	0007,0.3333333,	1,0.3333333,1.999999914008672
elit	0006,0.3333333,	1,0.3333333,1.999999914008672
embarrassing	0012,0.16666666,	2,0.16666666,-8.599132799414562E-8
embarrassing	0005,0.16666666,	2,0.16666666,-8.599132799414562E-8
eros	0007,0.3333333,	1,0.3333333,1.999999914008672
essentially	0001,0.16666666,	2,0.16666666,-8.599132799414562E-8
essentially	0008,0.16666666,	2,0.16666666,-8.599132799414562E-8
est	0007,0.3333333,	1,0.3333333,1.999999914008672
established	0004,0.2,	2,0.2,0.263034463161343
established	0011,0.2,	2,0.2,0.263034463161343
et	0002,0.14285715,	6,0.14285715,-1.8073548575641114
et	0007,0.6666666,	6,0.6666666,0.4150374132875158
et	0009,0.14285715,	6,0.14285715,-1.8073548575641114
et	0003,0.3333333,	6,0.3333333,-0.5849625867124842
et	0006,0.5,	6,0.5,0.0
et	0010,0.3333333,	6,0.3333333,-0.5849625867124842
etc	0005,0.16666666,	2,0.16666666,-8.599132799414562E-8
etc	0012,0.16666666,	2,0.16666666,-8.599132799414562E-8
ethics	0002,0.14285715,	2,0.14285715,-0.2223923066813519
ethics	0009,0.14285715,	2,0.14285715,-0.2223923066813519
eu	0006,0.3333333,	2,0.3333333,0.999999914008672
eu	0007,0.3333333,	2,0.3333333,0.999999914008672
euismod	0007,0.3333333,	1,0.3333333,1.999999914008672
even	0012,0.16666666,	2,0.16666666,-8.599132799414562E-8
even	0005,0.16666666,	2,0.16666666,-8.599132799414562E-8
ever	0001,0.16666666,	2,0.16666666,-8.599132799414562E-8
ever	0008,0.16666666,	2,0.16666666,-8.599132799414562E-8
evolved	0004,0.2,	2,0.2,0.263034463161343
evolved	0011,0.2,	2,0.2,0.263034463161343
ex	0007,0.3333333,	1,0.3333333,1.999999914008672
exact	0003,0.3333333,	2,0.3333333,0.999999914008672
exact	0010,0.3333333,	2,0.3333333,0.999999914008672
facilisi	0007,0.3333333,	1,0.3333333,1.999999914008672
facilisis	0007,0.3333333,	1,0.3333333,1.999999914008672
fact	0011,0.2,	2,0.2,0.263034463161343
fact	0004,0.2,	2,0.2,0.263034463161343
faucibus	0007,0.6666666,	2,0.6666666,1.999999914008672
faucibus	0006,0.16666666,	2,0.16666666,-8.599132799414562E-8
fermentum	0007,0.6666666,	1,0.6666666,2.9999999140086717
feugiat	0007,0.3333333,	2,0.3333333,0.999999914008672
feugiat	0006,0.3333333,	2,0.3333333,0.999999914008672
first	0002,0.14285715,	4,0.14285715,-1.222392306681352
first	0009,0.14285715,	4,0.14285715,-1.222392306681352
first	0012,0.16666666,	4,0.16666666,-1.000000085991328
first	0005,0.16666666,	4,0.16666666,-1.000000085991328
five	0001,0.16666666,	2,0.16666666,-8.599132799414562E-8
five	0008,0.16666666,	2,0.16666666,-8.599132799414562E-8
for	0004,0.2,	4,0.2,-0.736965536838657
for	0010,0.3333333,	4,0.3333333,-8.599132799414562E-8
for	0011,0.2,	4,0.2,-0.736965536838657
for	0003,0.3333333,	4,0.3333333,-8.599132799414562E-8
form	0010,0.3333333,	4,0.3333333,-8.599132799414562E-8
form	0012,0.16666666,	4,0.16666666,-1.000000085991328
form	0003,0.3333333,	4,0.3333333,-8.599132799414562E-8
form	0005,0.16666666,	4,0.16666666,-1.000000085991328
free	0005,0.16666666,	2,0.16666666,-8.599132799414562E-8
free	0012,0.16666666,	2,0.16666666,-8.599132799414562E-8
fringilla	0006,0.3333333,	2,0.3333333,0.999999914008672
fringilla	0007,0.3333333,	2,0.3333333,0.999999914008672
from	0010,0.6666666,	6,0.6666666,0.4150374132875158
from	0003,0.6666666,	6,0.6666666,0.4150374132875158
from	0002,0.5714286,	6,0.5714286,0.19264514243588854
from	0009,0.5714286,	6,0.5714286,0.19264514243588854
from	0005,0.16666666,	6,0.16666666,-1.5849625867124844
from	0012,0.16666666,	6,0.16666666,-1.5849625867124844
galley	0008,0.16666666,	2,0.16666666,-8.599132799414562E-8
galley	0001,0.16666666,	2,0.16666666,-8.599132799414562E-8
generate	0005,0.16666666,	2,0.16666666,-8.599132799414562E-8
generate	0012,0.16666666,	2,0.16666666,-8.599132799414562E-8
generated	0005,0.16666666,	2,0.16666666,-8.599132799414562E-8
generated	0012,0.16666666,	2,0.16666666,-8.599132799414562E-8
generator	0012,0.16666666,	2,0.16666666,-8.599132799414562E-8
generator	0005,0.16666666,	2,0.16666666,-8.599132799414562E-8
generators	0005,0.16666666,	2,0.16666666,-8.599132799414562E-8
generators	0012,0.16666666,	2,0.16666666,-8.599132799414562E-8
going	0012,0.16666666,	4,0.16666666,-1.000000085991328
going	0005,0.16666666,	4,0.16666666,-1.000000085991328
going	0002,0.14285715,	4,0.14285715,-1.222392306681352
going	0009,0.14285715,	4,0.14285715,-1.222392306681352
gravida	0007,0.6666666,	2,0.6666666,1.999999914008672
gravida	0006,0.3333333,	2,0.3333333,0.999999914008672
handful	0005,0.16666666,	2,0.16666666,-8.599132799414562E-8
handful	0012,0.16666666,	2,0.16666666,-8.599132799414562E-8
has	0011,0.2,	6,0.2,-1.3219280733895313
has	0009,0.14285715,	6,0.14285715,-1.8073548575641114
has	0008,0.3333333,	6,0.3333333,-0.5849625867124842
has	0004,0.2,	6,0.2,-1.3219280733895313
has	0001,0.3333333,	6,0.3333333,-0.5849625867124842
has	0002,0.14285715,	6,0.14285715,-1.8073548575641114
have	0004,0.2,	4,0.2,-0.736965536838657
have	0012,0.16666666,	4,0.16666666,-1.000000085991328
have	0011,0.2,	4,0.2,-0.736965536838657
have	0005,0.16666666,	4,0.16666666,-1.000000085991328
here	0011,0.4,	2,0.4,1.263034463161343
here	0004,0.4,	2,0.4,1.263034463161343
hidden	0012,0.16666666,	2,0.16666666,-8.599132799414562E-8
hidden	0005,0.16666666,	2,0.16666666,-8.599132799414562E-8
humour	0005,0.3333333,	4,0.3333333,-8.599132799414562E-8
humour	0004,0.2,	4,0.2,-0.736965536838657
humour	0012,0.3333333,	4,0.3333333,-8.599132799414562E-8
humour	0011,0.2,	4,0.2,-0.736965536838657
id	0007,0.3333333,	1,0.3333333,1.999999914008672
imperdiet	0007,0.6666666,	2,0.6666666,1.999999914008672
imperdiet	0006,0.16666666,	2,0.16666666,-8.599132799414562E-8
in	0012,0.3333333,	11,0.3333333,-1.5849625867124844
in	0005,0.3333333,	11,0.3333333,-1.5849625867124844
in	0003,0.3333333,	11,0.3333333,-1.5849625867124844
in	0009,0.71428573,	11,0.71428573,-0.485426792773712
in	0006,0.5,	11,0.5,-1.0
in	0004,0.2,	11,0.2,-2.321928073389531
in	0002,0.71428573,	11,0.71428573,-0.485426792773712
in	0011,0.2,	11,0.2,-2.321928073389531
in	0001,0.16666666,	11,0.16666666,-2.5849625867124844
in	0010,0.3333333,	11,0.3333333,-1.5849625867124844
in	0008,0.16666666,	11,0.16666666,-2.5849625867124844
including	0001,0.16666666,	2,0.16666666,-8.599132799414562E-8
including	0008,0.16666666,	2,0.16666666,-8.599132799414562E-8
industry	0001,0.16666666,	2,0.16666666,-8.599132799414562E-8
industry	0008,0.16666666,	2,0.16666666,-8.599132799414562E-8
industrys	0008,0.16666666,	2,0.16666666,-8.599132799414562E-8
industrys	0001,0.16666666,	2,0.16666666,-8.599132799414562E-8
infancy	0011,0.2,	2,0.2,0.263034463161343
infancy	0004,0.2,	2,0.2,0.263034463161343
injected	0011,0.2,	4,0.2,-0.736965536838657
injected	0012,0.3333333,	4,0.3333333,-8.599132799414562E-8
injected	0004,0.2,	4,0.2,-0.736965536838657
injected	0005,0.3333333,	4,0.3333333,-8.599132799414562E-8
interested	0010,0.3333333,	2,0.3333333,0.999999914008672
interested	0003,0.3333333,	2,0.3333333,0.999999914008672
into	0008,0.16666666,	2,0.16666666,-8.599132799414562E-8
into	0001,0.16666666,	2,0.16666666,-8.599132799414562E-8
ipsum	0004,0.2,	6,0.2,-1.3219280733895313
ipsum	0011,0.2,	6,0.2,-1.3219280733895313
ipsum	0009,0.14285715,	6,0.14285715,-1.8073548575641114
ipsum	0006,0.3333333,	6,0.3333333,-0.5849625867124842
ipsum	0002,0.14285715,	6,0.14285715,-1.8073548575641114
ipsum	0007,0.3333333,	6,0.3333333,-0.5849625867124842
is	0002,0.2857143,	10,0.2857143,-1.8073548575641114
is	0012,0.16666666,	10,0.16666666,-2.5849625867124844
is	0011,0.4,	10,0.4,-1.3219280733895313
is	0004,0.4,	10,0.4,-1.3219280733895313
is	0008,0.16666666,	10,0.16666666,-2.5849625867124844
is	0001,0.16666666,	10,0.16666666,-2.5849625867124844
is	0005,0.16666666,	10,0.16666666,-2.5849625867124844
is	0010,0.3333333,	10,0.3333333,-1.5849625867124844
is	0009,0.2857143,	10,0.2857143,-1.8073548575641114
is	0003,0.3333333,	10,0.3333333,-1.5849625867124844
isnt	0012,0.16666666,	2,0.16666666,-8.599132799414562E-8
isnt	0005,0.16666666,	2,0.16666666,-8.599132799414562E-8
it	0001,0.16666666,	6,0.16666666,-1.5849625867124844
it	0004,0.4,	6,0.4,-0.32192807338953117
it	0009,0.14285715,	6,0.14285715,-1.8073548575641114
it	0008,0.16666666,	6,0.16666666,-1.5849625867124844
it	0002,0.14285715,	6,0.14285715,-1.8073548575641114
it	0011,0.4,	6,0.4,-0.32192807338953117
its	0004,0.2,	2,0.2,0.263034463161343
its	0011,0.2,	2,0.2,0.263034463161343
justo	0006,0.16666666,	2,0.16666666,-8.599132799414562E-8
justo	0007,0.3333333,	2,0.3333333,0.999999914008672
lacinia	0007,0.3333333,	2,0.3333333,0.999999914008672
lacinia	0006,0.16666666,	2,0.16666666,-8.599132799414562E-8
lacus	0007,0.3333333,	1,0.3333333,1.999999914008672
layout	0004,0.2,	2,0.2,0.263034463161343
layout	0011,0.2,	2,0.2,0.263034463161343
leap	0008,0.16666666,	2,0.16666666,-8.599132799414562E-8
leap	0001,0.16666666,	2,0.16666666,-8.599132799414562E-8
leo	0007,0.3333333,	2,0.3333333,0.999999914008672
leo	0006,0.16666666,	2,0.16666666,-8.599132799414562E-8
letters	0004,0.2,	2,0.2,0.263034463161343
letters	0011,0.2,	2,0.2,0.263034463161343
libero	0006,0.16666666,	1,0.16666666,0.999999914008672
ligula	0007,0.3333333,	1,0.3333333,1.999999914008672
like	0011,0.4,	4,0.4,0.263034463161343
like	0008,0.16666666,	4,0.16666666,-1.000000085991328
like	0004,0.4,	4,0.4,0.263034463161343
like	0001,0.16666666,	4,0.16666666,-1.000000085991328
line	0009,0.2857143,	2,0.2857143,0.7776076933186481
line	0002,0.2857143,	2,0.2857143,0.7776076933186481
literature	0002,0.2857143,	2,0.2857143,0.7776076933186481
literature	0009,0.2857143,	2,0.2857143,0.7776076933186481
long	0011,0.2,	2,0.2,0.263034463161343
long	0004,0.2,	2,0.2,0.263034463161343
look	0012,0.16666666,	4,0.16666666,-1.000000085991328
look	0005,0.16666666,	4,0.16666666,-1.000000085991328
look	0004,0.2,	4,0.2,-0.736965536838657
look	0011,0.2,	4,0.2,-0.736965536838657
looked	0002,0.14285715,	2,0.14285715,-0.2223923066813519
looked	0009,0.14285715,	2,0.14285715,-0.2223923066813519
looking	0004,0.2,	2,0.2,0.263034463161343
looking	0011,0.2,	2,0.2,0.263034463161343
looks	0005,0.16666666,	2,0.16666666,-8.599132799414562E-8
looks	0012,0.16666666,	2,0.16666666,-8.599132799414562E-8
lorem	0004,0.2,	2,0.2,0.263034463161343
lorem	0011,0.2,	2,0.2,0.263034463161343
luctus	0006,0.3333333,	1,0.3333333,1.999999914008672
magna	0006,0.5,	2,0.5,1.5849625007211563
magna	0007,0.3333333,	2,0.3333333,0.999999914008672
majority	0012,0.16666666,	2,0.16666666,-8.599132799414562E-8
majority	0005,0.16666666,	2,0.16666666,-8.599132799414562E-8
make	0008,0.16666666,	2,0.16666666,-8.599132799414562E-8
make	0001,0.16666666,	2,0.16666666,-8.599132799414562E-8
making	0002,0.14285715,	6,0.14285715,-1.8073548575641114
making	0009,0.14285715,	6,0.14285715,-1.8073548575641114
making	0011,0.2,	6,0.2,-1.3219280733895313
making	0004,0.2,	6,0.2,-1.3219280733895313
making	0005,0.16666666,	6,0.16666666,-1.5849625867124844
making	0012,0.16666666,	6,0.16666666,-1.5849625867124844
malesuada	0006,0.16666666,	1,0.16666666,0.999999914008672
many	0011,0.2,	4,0.2,-0.736965536838657
many	0004,0.2,	4,0.2,-0.736965536838657
many	0012,0.16666666,	4,0.16666666,-1.000000085991328
many	0005,0.16666666,	4,0.16666666,-1.000000085991328
massa	0006,0.16666666,	2,0.16666666,-8.599132799414562E-8
massa	0007,0.3333333,	2,0.3333333,0.999999914008672
mattis	0007,0.3333333,	1,0.3333333,1.999999914008672
mauris	0006,0.16666666,	2,0.16666666,-8.599132799414562E-8
mauris	0007,0.3333333,	2,0.3333333,0.999999914008672
metus	0006,0.16666666,	1,0.16666666,0.999999914008672
mi	0006,0.16666666,	2,0.16666666,-8.599132799414562E-8
mi	0007,0.6666666,	2,0.6666666,1.999999914008672
middle	0012,0.16666666,	2,0.16666666,-8.599132799414562E-8
middle	0005,0.16666666,	2,0.16666666,-8.599132799414562E-8
model	0011,0.2,	4,0.2,-0.736965536838657
model	0012,0.16666666,	4,0.16666666,-1.000000085991328
model	0004,0.2,	4,0.2,-0.736965536838657
model	0005,0.16666666,	4,0.16666666,-1.000000085991328
mollis	0006,0.16666666,	1,0.16666666,0.999999914008672
more	0009,0.14285715,	4,0.14285715,-1.222392306681352
more	0008,0.16666666,	4,0.16666666,-1.000000085991328
more	0002,0.14285715,	4,0.14285715,-1.222392306681352
more	0001,0.16666666,	4,0.16666666,-1.000000085991328
moreorless	0011,0.2,	2,0.2,0.263034463161343
moreorless	0004,0.2,	2,0.2,0.263034463161343
nec	0007,0.3333333,	1,0.3333333,1.999999914008672
necessary	0005,0.16666666,	2,0.16666666,-8.599132799414562E-8
necessary	0012,0.16666666,	2,0.16666666,-8.599132799414562E-8
need	0005,0.16666666,	2,0.16666666,-8.599132799414562E-8
need	0012,0.16666666,	2,0.16666666,-8.599132799414562E-8
nibh	0006,0.16666666,	2,0.16666666,-8.599132799414562E-8
nibh	0007,0.3333333,	2,0.3333333,0.999999914008672
nisi	0007,0.6666666,	2,0.6666666,1.999999914008672
nisi	0006,0.6666666,	2,0.6666666,1.999999914008672
nisl	0006,0.16666666,	2,0.16666666,-8.599132799414562E-8
nisl	0007,0.6666666,	2,0.6666666,1.999999914008672
non	0007,0.6666666,	2,0.6666666,1.999999914008672
non	0006,0.16666666,	2,0.16666666,-8.599132799414562E-8
noncharacteristic	0005,0.16666666,	2,0.16666666,-8.599132799414562E-8
noncharacteristic	0012,0.16666666,	2,0.16666666,-8.599132799414562E-8
normal	0011,0.2,	2,0.2,0.263034463161343
normal	0004,0.2,	2,0.2,0.263034463161343
not	0002,0.14285715,	4,0.14285715,-1.222392306681352
not	0008,0.16666666,	4,0.16666666,-1.000000085991328
not	0001,0.16666666,	4,0.16666666,-1.000000085991328
not	0009,0.14285715,	4,0.14285715,-1.222392306681352
now	0011,0.2,	2,0.2,0.263034463161343
now	0004,0.2,	2,0.2,0.263034463161343
nulla	0007,0.3333333,	2,0.3333333,0.999999914008672
nulla	0006,0.16666666,	2,0.16666666,-8.599132799414562E-8
nunc	0006,0.3333333,	1,0.3333333,1.999999914008672
obscure	0002,0.14285715,	2,0.14285715,-0.2223923066813519
obscure	0009,0.14285715,	2,0.14285715,-0.2223923066813519
of	0008,0.6666666,	10,0.6666666,-0.5849625867124842
of	0005,1.0,	10,1.0,0.0
of	0004,0.59999996,	10,0.59999996,-0.7369656801575343
of	0010,0.3333333,	10,0.3333333,-1.5849625867124844
of	0002,1.0,	10,1.0,0.0
of	0012,1.0,	10,1.0,0.0
of	0011,0.59999996,	10,0.59999996,-0.7369656801575343
of	0003,0.3333333,	10,0.3333333,-1.5849625867124844
of	0009,1.0,	10,1.0,0.0
of	0001,0.6666666,	10,0.6666666,-0.5849625867124842
old	0002,0.14285715,	2,0.14285715,-0.2223923066813519
old	0009,0.14285715,	2,0.14285715,-0.2223923066813519
on	0002,0.14285715,	6,0.14285715,-1.8073548575641114
on	0004,0.2,	6,0.2,-1.3219280733895313
on	0012,0.3333333,	6,0.3333333,-0.5849625867124842
on	0011,0.2,	6,0.2,-1.3219280733895313
on	0005,0.3333333,	6,0.3333333,-0.5849625867124842
on	0009,0.14285715,	6,0.14285715,-1.8073548575641114
one	0002,0.14285715,	2,0.14285715,-0.2223923066813519
one	0009,0.14285715,	2,0.14285715,-0.2223923066813519
only	0008,0.16666666,	2,0.16666666,-8.599132799414562E-8
only	0001,0.16666666,	2,0.16666666,-8.599132799414562E-8
opposed	0004,0.2,	2,0.2,0.263034463161343
opposed	0011,0.2,	2,0.2,0.263034463161343
or	0012,0.3333333,	2,0.3333333,0.999999914008672
or	0005,0.3333333,	2,0.3333333,0.999999914008672
orci	0006,0.3333333,	1,0.3333333,1.999999914008672
original	0003,0.3333333,	2,0.3333333,0.999999914008672
original	0010,0.3333333,	2,0.3333333,0.999999914008672
ornare	0006,0.16666666,	1,0.16666666,0.999999914008672
over	0005,0.16666666,	6,0.16666666,-1.5849625867124844
over	0009,0.14285715,	6,0.14285715,-1.8073548575641114
over	0004,0.2,	6,0.2,-1.3219280733895313
over	0011,0.2,	6,0.2,-1.3219280733895313
over	0002,0.14285715,	6,0.14285715,-1.8073548575641114
over	0012,0.16666666,	6,0.16666666,-1.5849625867124844
packages	0004,0.2,	2,0.2,0.263034463161343
packages	0011,0.2,	2,0.2,0.263034463161343
page	0004,0.4,	2,0.4,1.263034463161343
page	0011,0.4,	2,0.4,1.263034463161343
passage	0002,0.14285715,	4,0.14285715,-1.222392306681352
passage	0012,0.16666666,	4,0.16666666,-1.000000085991328
passage	0005,0.16666666,	4,0.16666666,-1.000000085991328
passage	0009,0.14285715,	4,0.14285715,-1.222392306681352
passages	0012,0.16666666,	4,0.16666666,-1.000000085991328
passages	0008,0.16666666,	4,0.16666666,-1.000000085991328
passages	0005,0.16666666,	4,0.16666666,-1.000000085991328
passages	0001,0.16666666,	4,0.16666666,-1.000000085991328
pellentesque	0006,0.16666666,	1,0.16666666,0.999999914008672
pharetra	0006,0.16666666,	1,0.16666666,0.999999914008672
piece	0002,0.14285715,	2,0.14285715,-0.2223923066813519
piece	0009,0.14285715,	2,0.14285715,-0.2223923066813519
placerat	0007,0.3333333,	1,0.3333333,1.999999914008672
point	0011,0.2,	2,0.2,0.263034463161343
point	0004,0.2,	2,0.2,0.263034463161343
popular	0002,0.2857143,	2,0.2857143,0.7776076933186481
popular	0009,0.2857143,	2,0.2857143,0.7776076933186481
popularised	0008,0.16666666,	2,0.16666666,-8.599132799414562E-8
popularised	0001,0.16666666,	2,0.16666666,-8.599132799414562E-8
porta	0007,0.3333333,	1,0.3333333,1.999999914008672
porttitor	0007,0.3333333,	1,0.3333333,1.999999914008672
posuere	0006,0.3333333,	1,0.3333333,1.999999914008672
predefined	0012,0.16666666,	2,0.16666666,-8.599132799414562E-8
predefined	0005,0.16666666,	2,0.16666666,-8.599132799414562E-8
pretium	0007,0.3333333,	1,0.3333333,1.999999914008672
primis	0006,0.16666666,	1,0.16666666,0.999999914008672
printer	0001,0.16666666,	2,0.16666666,-8.599132799414562E-8
printer	0008,0.16666666,	2,0.16666666,-8.599132799414562E-8
printing	0008,0.16666666,	2,0.16666666,-8.599132799414562E-8
printing	0001,0.16666666,	2,0.16666666,-8.599132799414562E-8
professor	0002,0.14285715,	2,0.14285715,-0.2223923066813519
professor	0009,0.14285715,	2,0.14285715,-0.2223923066813519
publishing	0001,0.16666666,	4,0.16666666,-1.000000085991328
publishing	0004,0.2,	4,0.2,-0.736965536838657
publishing	0011,0.2,	4,0.2,-0.736965536838657
publishing	0008,0.16666666,	4,0.16666666,-1.000000085991328
pulvinar	0007,0.3333333,	1,0.3333333,1.999999914008672
purpose	0004,0.2,	2,0.2,0.263034463161343
purpose	0011,0.2,	2,0.2,0.263034463161343
purus	0007,0.3333333,	1,0.3333333,1.999999914008672
quam	0006,0.16666666,	1,0.16666666,0.999999914008672
quis	0006,0.3333333,	2,0.3333333,0.999999914008672
quis	0007,0.3333333,	2,0.3333333,0.999999914008672
random	0009,0.14285715,	2,0.14285715,-0.2223923066813519
random	0002,0.14285715,	2,0.14285715,-0.2223923066813519
randomised	0012,0.16666666,	2,0.16666666,-8.599132799414562E-8
randomised	0005,0.16666666,	2,0.16666666,-8.599132799414562E-8
readable	0011,0.4,	2,0.4,1.263034463161343
readable	0004,0.4,	2,0.4,1.263034463161343
reader	0004,0.2,	2,0.2,0.263034463161343
reader	0011,0.2,	2,0.2,0.263034463161343
reasonable	0005,0.16666666,	2,0.16666666,-8.599132799414562E-8
reasonable	0012,0.16666666,	2,0.16666666,-8.599132799414562E-8
recently	0001,0.16666666,	2,0.16666666,-8.599132799414562E-8
recently	0008,0.16666666,	2,0.16666666,-8.599132799414562E-8
release	0008,0.16666666,	2,0.16666666,-8.599132799414562E-8
release	0001,0.16666666,	2,0.16666666,-8.599132799414562E-8
remaining	0001,0.16666666,	2,0.16666666,-8.599132799414562E-8
remaining	0008,0.16666666,	2,0.16666666,-8.599132799414562E-8
repeat	0005,0.16666666,	2,0.16666666,-8.599132799414562E-8
repeat	0012,0.16666666,	2,0.16666666,-8.599132799414562E-8
repetition	0005,0.16666666,	2,0.16666666,-8.599132799414562E-8
repetition	0012,0.16666666,	2,0.16666666,-8.599132799414562E-8
reproduced	0003,0.6666666,	2,0.6666666,1.999999914008672
reproduced	0010,0.6666666,	2,0.6666666,1.999999914008672
rhoncus	0007,0.3333333,	1,0.3333333,1.999999914008672
roots	0009,0.14285715,	2,0.14285715,-0.2223923066813519
roots	0002,0.14285715,	2,0.14285715,-0.2223923066813519
rutrum	0006,0.16666666,	1,0.16666666,0.999999914008672
sapien	0006,0.16666666,	1,0.16666666,0.999999914008672
scelerisque	0007,0.3333333,	1,0.3333333,1.999999914008672
scrambled	0008,0.16666666,	2,0.16666666,-8.599132799414562E-8
scrambled	0001,0.16666666,	2,0.16666666,-8.599132799414562E-8
search	0011,0.2,	2,0.2,0.263034463161343
search	0004,0.2,	2,0.2,0.263034463161343
section	0009,0.14285715,	2,0.14285715,-0.2223923066813519
section	0002,0.14285715,	2,0.14285715,-0.2223923066813519
sections	0009,0.14285715,	2,0.14285715,-0.2223923066813519
sections	0002,0.14285715,	2,0.14285715,-0.2223923066813519
sed	0007,0.6666666,	2,0.6666666,1.999999914008672
sed	0006,0.16666666,	2,0.16666666,-8.599132799414562E-8
sem	0006,0.16666666,	1,0.16666666,0.999999914008672
semper	0006,0.5,	1,0.5,2.584962500721156
sentence	0012,0.16666666,	2,0.16666666,-8.599132799414562E-8
sentence	0005,0.16666666,	2,0.16666666,-8.599132799414562E-8
sheets	0008,0.16666666,	2,0.16666666,-8.599132799414562E-8
sheets	0001,0.16666666,	2,0.16666666,-8.599132799414562E-8
simply	0008,0.16666666,	4,0.16666666,-1.000000085991328
simply	0002,0.14285715,	4,0.14285715,-1.222392306681352
simply	0001,0.16666666,	4,0.16666666,-1.000000085991328
simply	0009,0.14285715,	4,0.14285715,-1.222392306681352
since	0001,0.16666666,	4,0.16666666,-1.000000085991328
since	0008,0.16666666,	4,0.16666666,-1.000000085991328
since	0010,0.3333333,	4,0.3333333,-8.599132799414562E-8
since	0003,0.3333333,	4,0.3333333,-8.599132799414562E-8
sit	0006,1.0,	4,1.0,1.5849625007211563
sit	0007,0.3333333,	4,0.3333333,-8.599132799414562E-8
sit	0009,0.14285715,	4,0.14285715,-1.222392306681352
sit	0002,0.14285715,	4,0.14285715,-1.222392306681352
sites	0011,0.2,	2,0.2,0.263034463161343
sites	0004,0.2,	2,0.2,0.263034463161343
slightly	0005,0.16666666,	2,0.16666666,-8.599132799414562E-8
slightly	0012,0.16666666,	2,0.16666666,-8.599132799414562E-8
sodales	0007,0.3333333,	1,0.3333333,1.999999914008672
software	0008,0.16666666,	2,0.16666666,-8.599132799414562E-8
software	0001,0.16666666,	2,0.16666666,-8.599132799414562E-8
sollicitudin	0007,0.6666666,	1,0.6666666,2.9999999140086717
some	0012,0.16666666,	2,0.16666666,-8.599132799414562E-8
some	0005,0.16666666,	2,0.16666666,-8.599132799414562E-8
sometimes	0004,0.4,	2,0.4,1.263034463161343
sometimes	0011,0.4,	2,0.4,1.263034463161343
source	0002,0.14285715,	2,0.14285715,-0.2223923066813519
source	0009,0.14285715,	2,0.14285715,-0.2223923066813519
specimen	0001,0.16666666,	2,0.16666666,-8.599132799414562E-8
specimen	0008,0.16666666,	2,0.16666666,-8.599132799414562E-8
standard	0001,0.16666666,	4,0.16666666,-1.000000085991328
standard	0010,0.3333333,	4,0.3333333,-8.599132799414562E-8
standard	0008,0.16666666,	4,0.16666666,-1.000000085991328
standard	0003,0.3333333,	4,0.3333333,-8.599132799414562E-8
still	0004,0.2,	2,0.2,0.263034463161343
still	0011,0.2,	2,0.2,0.263034463161343
structures	0012,0.16666666,	2,0.16666666,-8.599132799414562E-8
structures	0005,0.16666666,	2,0.16666666,-8.599132799414562E-8
suffered	0012,0.16666666,	2,0.16666666,-8.599132799414562E-8
suffered	0005,0.16666666,	2,0.16666666,-8.599132799414562E-8
sure	0005,0.16666666,	2,0.16666666,-8.599132799414562E-8
sure	0012,0.16666666,	2,0.16666666,-8.599132799414562E-8
survived	0001,0.16666666,	2,0.16666666,-8.599132799414562E-8
survived	0008,0.16666666,	2,0.16666666,-8.599132799414562E-8
suscipit	0007,0.3333333,	1,0.3333333,1.999999914008672
tempor	0006,0.16666666,	1,0.16666666,0.999999914008672
tempus	0006,0.16666666,	1,0.16666666,0.999999914008672
tend	0012,0.16666666,	2,0.16666666,-8.599132799414562E-8
tend	0005,0.16666666,	2,0.16666666,-8.599132799414562E-8
text	0011,0.2,	8,0.2,-2.321928073389531
text	0009,0.14285715,	8,0.14285715,-2.8073548575641114
text	0008,0.3333333,	8,0.3333333,-1.5849625867124844
text	0004,0.2,	8,0.2,-2.321928073389531
text	0002,0.14285715,	8,0.14285715,-2.8073548575641114
text	0001,0.3333333,	8,0.3333333,-1.5849625867124844
text	0005,0.16666666,	8,0.16666666,-2.5849625867124844
text	0012,0.16666666,	8,0.16666666,-2.5849625867124844
that	0011,0.4,	2,0.4,1.263034463161343
that	0004,0.4,	2,0.4,1.263034463161343
the	0001,1.0,	10,1.0,0.0
the	0004,0.59999996,	10,0.59999996,-0.7369656801575343
the	0008,1.0,	10,1.0,0.0
the	0011,0.59999996,	10,0.59999996,-0.7369656801575343
the	0012,1.0,	10,1.0,0.0
the	0005,1.0,	10,1.0,0.0
the	0010,0.6666666,	10,0.6666666,-0.5849625867124842
the	0009,0.85714287,	10,0.85714287,-0.22239240700456045
the	0002,0.85714287,	10,0.85714287,-0.22239240700456045
the	0003,0.6666666,	10,0.6666666,-0.5849625867124842
their	0004,0.4,	4,0.4,0.263034463161343
their	0003,0.3333333,	4,0.3333333,-8.599132799414562E-8
their	0010,0.3333333,	4,0.3333333,-8.599132799414562E-8
their	0011,0.4,	4,0.4,0.263034463161343
theory	0009,0.14285715,	2,0.14285715,-0.2223923066813519
theory	0002,0.14285715,	2,0.14285715,-0.2223923066813519
there	0012,0.16666666,	2,0.16666666,-8.599132799414562E-8
there	0005,0.16666666,	2,0.16666666,-8.599132799414562E-8
therefore	0012,0.16666666,	2,0.16666666,-8.599132799414562E-8
therefore	0005,0.16666666,	2,0.16666666,-8.599132799414562E-8
this	0005,0.16666666,	2,0.16666666,-8.599132799414562E-8
this	0012,0.16666666,	2,0.16666666,-8.599132799414562E-8
those	0010,0.3333333,	2,0.3333333,0.999999914008672
those	0003,0.3333333,	2,0.3333333,0.999999914008672
through	0002,0.14285715,	2,0.14285715,-0.2223923066813519
through	0009,0.14285715,	2,0.14285715,-0.2223923066813519
tincidunt	0007,0.3333333,	2,0.3333333,0.999999914008672
tincidunt	0006,0.3333333,	2,0.3333333,0.999999914008672
to	0008,0.16666666,	8,0.16666666,-2.5849625867124844
to	0011,0.2,	8,0.2,-2.321928073389531
to	0004,0.2,	8,0.2,-2.321928073389531
to	0009,0.14285715,	8,0.14285715,-2.8073548575641114
to	0005,0.6666666,	8,0.6666666,-0.5849625867124842
to	0002,0.14285715,	8,0.14285715,-2.8073548575641114
to	0001,0.16666666,	8,0.16666666,-2.5849625867124844
to	0012,0.6666666,	8,0.6666666,-0.5849625867124842
took	0008,0.16666666,	2,0.16666666,-8.599132799414562E-8
took	0001,0.16666666,	2,0.16666666,-8.599132799414562E-8
tortor	0006,0.16666666,	2,0.16666666,-8.599132799414562E-8
tortor	0007,0.3333333,	2,0.3333333,0.999999914008672
translation	0010,0.3333333,	2,0.3333333,0.999999914008672
translation	0003,0.3333333,	2,0.3333333,0.999999914008672
treatise	0009,0.14285715,	2,0.14285715,-0.2223923066813519
treatise	0002,0.14285715,	2,0.14285715,-0.2223923066813519
true	0012,0.16666666,	2,0.16666666,-8.599132799414562E-8
true	0005,0.16666666,	2,0.16666666,-8.599132799414562E-8
turpis	0006,0.16666666,	1,0.16666666,0.999999914008672
type	0008,0.3333333,	2,0.3333333,0.999999914008672
type	0001,0.3333333,	2,0.3333333,0.999999914008672
typesetting	0001,0.3333333,	2,0.3333333,0.999999914008672
typesetting	0008,0.3333333,	2,0.3333333,0.999999914008672
ullamcorper	0006,0.16666666,	1,0.16666666,0.999999914008672
ultrices	0006,0.3333333,	1,0.3333333,1.999999914008672
ultricies	0006,0.16666666,	1,0.16666666,0.999999914008672
unchanged	0008,0.16666666,	2,0.16666666,-8.599132799414562E-8
unchanged	0001,0.16666666,	2,0.16666666,-8.599132799414562E-8
uncover	0004,0.2,	2,0.2,0.263034463161343
uncover	0011,0.2,	2,0.2,0.263034463161343
undoubtable	0002,0.14285715,	2,0.14285715,-0.2223923066813519
undoubtable	0009,0.14285715,	2,0.14285715,-0.2223923066813519
unknown	0008,0.16666666,	2,0.16666666,-8.599132799414562E-8
unknown	0001,0.16666666,	2,0.16666666,-8.599132799414562E-8
up	0009,0.14285715,	2,0.14285715,-0.2223923066813519
up	0002,0.14285715,	2,0.14285715,-0.2223923066813519
use	0011,0.2,	4,0.2,-0.736965536838657
use	0004,0.2,	4,0.2,-0.736965536838657
use	0005,0.16666666,	4,0.16666666,-1.000000085991328
use	0012,0.16666666,	4,0.16666666,-1.000000085991328
used	0003,0.3333333,	2,0.3333333,0.999999914008672
used	0010,0.3333333,	2,0.3333333,0.999999914008672
uses	0012,0.16666666,	2,0.16666666,-8.599132799414562E-8
uses	0005,0.16666666,	2,0.16666666,-8.599132799414562E-8
using	0011,0.4,	2,0.4,1.263034463161343
using	0004,0.4,	2,0.4,1.263034463161343
ut	0007,0.6666666,	1,0.6666666,2.9999999140086717
variations	0005,0.16666666,	2,0.16666666,-8.599132799414562E-8
variations	0012,0.16666666,	2,0.16666666,-8.599132799414562E-8
varius	0007,0.3333333,	1,0.3333333,1.999999914008672
vehicula	0007,0.6666666,	2,0.6666666,1.999999914008672
vehicula	0006,0.16666666,	2,0.16666666,-8.599132799414562E-8
vel	0006,0.16666666,	2,0.16666666,-8.599132799414562E-8
vel	0007,0.3333333,	2,0.3333333,0.999999914008672
velit	0006,0.16666666,	2,0.16666666,-8.599132799414562E-8
velit	0007,0.3333333,	2,0.3333333,0.999999914008672
venenatis	0006,0.16666666,	2,0.16666666,-8.599132799414562E-8
venenatis	0007,0.3333333,	2,0.3333333,0.999999914008672
versions	0003,0.3333333,	6,0.3333333,-0.5849625867124842
versions	0010,0.3333333,	6,0.3333333,-0.5849625867124842
versions	0008,0.16666666,	6,0.16666666,-1.5849625867124844
versions	0001,0.16666666,	6,0.16666666,-1.5849625867124844
versions	0011,0.2,	6,0.2,-1.3219280733895313
versions	0004,0.2,	6,0.2,-1.3219280733895313
very	0009,0.14285715,	2,0.14285715,-0.2223923066813519
very	0002,0.14285715,	2,0.14285715,-0.2223923066813519
vitae	0006,0.16666666,	2,0.16666666,-8.599132799414562E-8
vitae	0007,0.3333333,	2,0.3333333,0.999999914008672
viverra	0006,0.3333333,	2,0.3333333,0.999999914008672
viverra	0007,0.6666666,	2,0.6666666,1.999999914008672
volutpat	0007,0.3333333,	1,0.3333333,1.999999914008672
vulputate	0006,0.16666666,	1,0.16666666,0.999999914008672
was	0008,0.16666666,	2,0.16666666,-8.599132799414562E-8
was	0001,0.16666666,	2,0.16666666,-8.599132799414562E-8
web	0011,0.4,	2,0.4,1.263034463161343
web	0004,0.4,	2,0.4,1.263034463161343
when	0004,0.2,	4,0.2,-0.736965536838657
when	0001,0.16666666,	4,0.16666666,-1.000000085991328
when	0008,0.16666666,	4,0.16666666,-1.000000085991328
when	0011,0.2,	4,0.2,-0.736965536838657
which	0012,0.3333333,	2,0.3333333,0.999999914008672
which	0005,0.3333333,	2,0.3333333,0.999999914008672
will	0004,0.4,	2,0.4,1.263034463161343
will	0011,0.4,	2,0.4,1.263034463161343
with	0008,0.3333333,	4,0.3333333,-8.599132799414562E-8
with	0001,0.3333333,	4,0.3333333,-8.599132799414562E-8
with	0005,0.16666666,	4,0.16666666,-1.000000085991328
with	0012,0.16666666,	4,0.16666666,-1.000000085991328
word	0009,0.14285715,	2,0.14285715,-0.2223923066813519
word	0002,0.14285715,	2,0.14285715,-0.2223923066813519
words	0005,0.5,	4,0.5,0.5849625007211562
words	0002,0.14285715,	4,0.14285715,-1.222392306681352
words	0012,0.5,	4,0.5,0.5849625007211562
words	0009,0.14285715,	4,0.14285715,-1.222392306681352
written	0002,0.14285715,	2,0.14285715,-0.2223923066813519
written	0009,0.14285715,	2,0.14285715,-0.2223923066813519
years	0004,0.2,	4,0.2,-0.736965536838657
years	0002,0.14285715,	4,0.14285715,-1.222392306681352
years	0009,0.14285715,	4,0.14285715,-1.222392306681352
years	0011,0.2,	4,0.2,-0.736965536838657
you	0012,0.3333333,	2,0.3333333,0.999999914008672
you	0005,0.3333333,	2,0.3333333,0.999999914008672
