11032	0002,0.2857143,	0.4528464490212861
11032	0010,0.3333333,	0.5283208020833432
11032	0003,0.3333333,	0.5283208020833432
11032	0009,0.2857143,	0.4528464490212861
11033	0009,0.14285715,	0.22642322451064306
11033	0002,0.14285715,	0.22642322451064306
11033	0003,0.3333333,	0.5283208020833432
11033	0010,0.3333333,	0.5283208020833432
1500s	0010,0.3333333,	0.5283208020833432
1500s	0003,0.3333333,	0.5283208020833432
1500s	0008,0.16666666,	0.2641604010416716
1500s	0001,0.16666666,	0.2641604010416716
1914	0003,0.3333333,	0.8616541155484615
1914	0010,0.3333333,	0.8616541155484615
1960s	0008,0.16666666,	0.43082705777423075
1960s	0001,0.16666666,	0.43082705777423075
200	0005,0.16666666,	0.43082705777423075
200	0012,0.16666666,	0.43082705777423075
2000	0002,0.14285715,	0.3692803737539978
2000	0009,0.14285715,	0.3692803737539978
45	0002,0.2857143,	0.7385607475079956
45	0009,0.2857143,	0.7385607475079956
Aldus	0008,0.16666666,	0.43082705777423075
Aldus	0001,0.16666666,	0.43082705777423075
Aliquam	0006,0.16666666,	0.43082705777423075
Aliquam	0007,0.3333333,	0.8616541155484615
All	0005,0.16666666,	0.43082705777423075
All	0012,0.16666666,	0.43082705777423075
BC	0009,0.2857143,	0.7385607475079956
BC	0002,0.2857143,	0.7385607475079956
Bonorum	0010,0.3333333,	0.5283208020833432
Bonorum	0009,0.14285715,	0.22642322451064306
Bonorum	0002,0.14285715,	0.22642322451064306
Bonorum	0003,0.3333333,	0.5283208020833432
Cicero	0009,0.14285715,	0.22642322451064306
Cicero	0003,0.3333333,	0.5283208020833432
Cicero	0002,0.14285715,	0.22642322451064306
Cicero	0010,0.3333333,	0.5283208020833432
College	0002,0.14285715,	0.3692803737539978
College	0009,0.14285715,	0.3692803737539978
Content	0011,0.2,	0.5169925078480198
Content	0004,0.2,	0.5169925078480198
Contrary	0002,0.14285715,	0.3692803737539978
Contrary	0009,0.14285715,	0.3692803737539978
Cras	0006,0.5,	1.292481250360578
Cras	0007,0.6666666,	1.723308231096923
Curabitur	0007,0.3333333,	1.19498742901358
Curae	0006,0.16666666,	0.59749371450679
Donec	0006,0.3333333,	0.8616541155484615
Donec	0007,0.6666666,	1.723308231096923
Duis	0006,0.3333333,	1.19498742901358
English	0004,0.2,	0.31699250486778763
English	0003,0.3333333,	0.5283208020833432
English	0010,0.3333333,	0.5283208020833432
English	0011,0.2,	0.31699250486778763
Evil	0009,0.14285715,	0.3692803737539978
Evil	0002,0.14285715,	0.3692803737539978
Extremes	0009,0.14285715,	0.3692803737539978
Extremes	0002,0.14285715,	0.3692803737539978
Finibus	0002,0.14285715,	0.22642322451064306
Finibus	0003,0.3333333,	0.5283208020833432
Finibus	0009,0.14285715,	0.22642322451064306
Finibus	0010,0.3333333,	0.5283208020833432
Good	0009,0.14285715,	0.3692803737539978
Good	0002,0.14285715,	0.3692803737539978
H	0010,0.3333333,	0.8616541155484615
H	0003,0.3333333,	0.8616541155484615
HampdenSydney	0002,0.14285715,	0.3692803737539978
HampdenSydney	0009,0.14285715,	0.3692803737539978
If	0005,0.16666666,	0.43082705777423075
If	0012,0.16666666,	0.43082705777423075
Internet	0005,0.3333333,	0.8616541155484615
Internet	0012,0.3333333,	0.8616541155484615
Ipsum	0010,0.3333333,	0.0
Ipsum	0012,0.8333333,	0.0
Ipsum	0005,0.8333333,	0.0
Ipsum	0001,0.6666666,	0.0
Ipsum	0004,0.4,	0.0
Ipsum	0008,0.6666666,	0.0
Ipsum	0011,0.4,	0.0
Ipsum	0003,0.3333333,	0.0
Ipsum	0009,0.5714286,	0.0
Ipsum	0002,0.5714286,	0.0
It	0001,0.3333333,	0.0
It	0009,0.14285715,	0.0
It	0005,0.16666666,	0.0
It	0004,0.2,	0.0
It	0012,0.16666666,	0.0
It	0008,0.3333333,	0.0
It	0011,0.2,	0.0
It	0002,0.14285715,	0.0
Latin	0009,0.42857143,	0.6792696499141475
Latin	0012,0.16666666,	0.2641604010416716
Latin	0002,0.42857143,	0.6792696499141475
Latin	0005,0.16666666,	0.2641604010416716
Letraset	0008,0.16666666,	0.43082705777423075
Letraset	0001,0.16666666,	0.43082705777423075
Lorem	0011,0.4,	0.0
Lorem	0003,0.3333333,	0.0
Lorem	0010,0.3333333,	0.0
Lorem	0001,0.6666666,	0.0
Lorem	0005,0.8333333,	0.0
Lorem	0002,0.71428573,	0.0
Lorem	0012,0.8333333,	0.0
Lorem	0004,0.4,	0.0
Lorem	0009,0.71428573,	0.0
Lorem	0008,0.6666666,	0.0
Lorem	0006,0.16666666,	0.0
Maecenas	0007,0.3333333,	1.19498742901358
Malorum	0009,0.14285715,	0.22642322451064306
Malorum	0003,0.3333333,	0.5283208020833432
Malorum	0010,0.3333333,	0.5283208020833432
Malorum	0002,0.14285715,	0.22642322451064306
Many	0011,0.2,	0.5169925078480198
Many	0004,0.2,	0.5169925078480198
Mauris	0007,0.3333333,	1.19498742901358
McClintock	0002,0.14285715,	0.3692803737539978
McClintock	0009,0.14285715,	0.3692803737539978
Nulla	0006,0.16666666,	0.43082705777423075
Nulla	0007,0.3333333,	0.8616541155484615
Nunc	0007,0.3333333,	1.19498742901358
PageMaker	0008,0.16666666,	0.43082705777423075
PageMaker	0001,0.16666666,	0.43082705777423075
Pellentesque	0006,0.16666666,	0.59749371450679
Praesent	0006,0.16666666,	0.59749371450679
Rackham	0003,0.3333333,	0.8616541155484615
Rackham	0010,0.3333333,	0.8616541155484615
Renaissance	0002,0.14285715,	0.3692803737539978
Renaissance	0009,0.14285715,	0.3692803737539978
Richard	0009,0.14285715,	0.3692803737539978
Richard	0002,0.14285715,	0.3692803737539978
Sections	0003,0.3333333,	0.8616541155484615
Sections	0010,0.3333333,	0.8616541155484615
Sed	0007,0.3333333,	1.19498742901358
Suspendisse	0006,0.16666666,	0.43082705777423075
Suspendisse	0007,0.3333333,	0.8616541155484615
The	0010,0.3333333,	0.0
The	0012,0.16666666,	0.0
The	0011,0.2,	0.0
The	0005,0.16666666,	0.0
The	0004,0.2,	0.0
The	0003,0.3333333,	0.0
The	0002,0.2857143,	0.0
The	0009,0.2857143,	0.0
There	0005,0.16666666,	0.43082705777423075
There	0012,0.16666666,	0.43082705777423075
This	0002,0.14285715,	0.3692803737539978
This	0009,0.14285715,	0.3692803737539978
Ut	0006,0.16666666,	0.59749371450679
Various	0004,0.2,	0.5169925078480198
Various	0011,0.2,	0.5169925078480198
Vestibulum	0006,0.3333333,	1.19498742901358
Virginia	0009,0.14285715,	0.3692803737539978
Virginia	0002,0.14285715,	0.3692803737539978
a	0008,0.3333333,	0.0
a	0012,0.5,	0.0
a	0001,0.3333333,	0.0
a	0009,0.71428573,	0.0
a	0004,1.0,	0.0
a	0011,1.0,	0.0
a	0002,0.71428573,	0.0
a	0005,0.5,	0.0
ac	0007,0.3333333,	0.8616541155484615
ac	0006,0.3333333,	0.8616541155484615
accident	0004,0.2,	0.5169925078480198
accident	0011,0.2,	0.5169925078480198
accompanied	0010,0.3333333,	0.8616541155484615
accompanied	0003,0.3333333,	0.8616541155484615
adipiscing	0006,0.16666666,	0.59749371450679
aliquet	0007,0.3333333,	0.8616541155484615
aliquet	0006,0.3333333,	0.8616541155484615
also	0008,0.16666666,	0.2641604010416716
also	0003,0.3333333,	0.5283208020833432
also	0001,0.16666666,	0.2641604010416716
also	0010,0.3333333,	0.5283208020833432
alteration	0005,0.16666666,	0.43082705777423075
alteration	0012,0.16666666,	0.43082705777423075
always	0005,0.16666666,	0.43082705777423075
always	0012,0.16666666,	0.43082705777423075
amet	0006,1.0,	1.5849625007211563
amet	0002,0.14285715,	0.22642322451064306
amet	0007,0.3333333,	0.5283208020833432
amet	0009,0.14285715,	0.22642322451064306
an	0001,0.16666666,	0.43082705777423075
an	0008,0.16666666,	0.43082705777423075
and	0003,0.3333333,	0.0
and	0002,0.42857143,	0.0
and	0011,0.59999996,	0.0
and	0010,0.3333333,	0.0
and	0001,0.5,	0.0
and	0009,0.42857143,	0.0
and	0008,0.5,	0.0
and	0004,0.59999996,	0.0
ante	0006,0.3333333,	0.8616541155484615
ante	0007,0.3333333,	0.8616541155484615
anything	0012,0.16666666,	0.43082705777423075
anything	0005,0.16666666,	0.43082705777423075
arcu	0006,0.16666666,	0.43082705777423075
arcu	0007,0.3333333,	0.8616541155484615
are	0012,0.3333333,	0.5283208020833432
are	0003,0.3333333,	0.5283208020833432
are	0005,0.3333333,	0.5283208020833432
are	0010,0.3333333,	0.5283208020833432
as	0011,0.4,	0.6339850097355753
as	0005,0.16666666,	0.2641604010416716
as	0004,0.4,	0.6339850097355753
as	0012,0.16666666,	0.2641604010416716
at	0002,0.14285715,	0.1428571492433548
at	0011,0.2,	0.20000000298023224
at	0009,0.14285715,	0.1428571492433548
at	0006,0.16666666,	0.1666666567325592
at	0004,0.2,	0.20000000298023224
augue	0007,1.0,	2.584962500721156
augue	0006,0.16666666,	0.43082705777423075
available	0005,0.16666666,	0.43082705777423075
available	0012,0.16666666,	0.43082705777423075
be	0012,0.16666666,	0.2641604010416716
be	0004,0.2,	0.31699250486778763
be	0005,0.16666666,	0.2641604010416716
be	0011,0.2,	0.31699250486778763
been	0001,0.16666666,	0.43082705777423075
been	0008,0.16666666,	0.43082705777423075
belief	0002,0.14285715,	0.3692803737539978
belief	0009,0.14285715,	0.3692803737539978
believable	0012,0.16666666,	0.43082705777423075
believable	0005,0.16666666,	0.43082705777423075
below	0010,0.3333333,	0.8616541155484615
below	0003,0.3333333,	0.8616541155484615
bibendum	0006,0.16666666,	0.59749371450679
book	0009,0.14285715,	0.22642322451064306
book	0008,0.16666666,	0.2641604010416716
book	0002,0.14285715,	0.22642322451064306
book	0001,0.16666666,	0.2641604010416716
but	0001,0.16666666,	0.2641604010416716
but	0012,0.16666666,	0.2641604010416716
but	0008,0.16666666,	0.2641604010416716
but	0005,0.16666666,	0.2641604010416716
by	0012,0.16666666,	0.0
by	0009,0.14285715,	0.0
by	0004,0.4,	0.0
by	0002,0.14285715,	0.0
by	0011,0.4,	0.0
by	0010,1.0,	0.0
by	0005,0.16666666,	0.0
by	0003,1.0,	0.0
centuries	0008,0.16666666,	0.43082705777423075
centuries	0001,0.16666666,	0.43082705777423075
chunk	0010,0.3333333,	0.8616541155484615
chunk	0003,0.3333333,	0.8616541155484615
chunks	0005,0.16666666,	0.43082705777423075
chunks	0012,0.16666666,	0.43082705777423075
cites	0002,0.14285715,	0.3692803737539978
cites	0009,0.14285715,	0.3692803737539978
classical	0002,0.2857143,	0.7385607475079956
classical	0009,0.2857143,	0.7385607475079956
combined	0012,0.16666666,	0.43082705777423075
combined	0005,0.16666666,	0.43082705777423075
comes	0009,0.2857143,	0.7385607475079956
comes	0002,0.2857143,	0.7385607475079956
commodo	0006,0.16666666,	0.59749371450679
condimentum	0007,0.3333333,	1.19498742901358
congue	0007,0.3333333,	1.19498742901358
consectetur	0002,0.14285715,	0.2857142984867096
consectetur	0009,0.14285715,	0.2857142984867096
consectetur	0006,0.3333333,	0.6666666269302368
consequat	0006,0.16666666,	0.59749371450679
containing	0008,0.16666666,	0.43082705777423075
containing	0001,0.16666666,	0.43082705777423075
content	0004,0.4,	1.0339850156960395
content	0011,0.4,	1.0339850156960395
convallis	0006,0.3333333,	1.19498742901358
cubilia	0006,0.16666666,	0.59749371450679
cursus	0006,0.16666666,	0.59749371450679
dapibus	0007,0.3333333,	0.8616541155484615
dapibus	0006,0.16666666,	0.43082705777423075
de	0010,0.3333333,	0.5283208020833432
de	0002,0.14285715,	0.22642322451064306
de	0009,0.14285715,	0.22642322451064306
de	0003,0.3333333,	0.5283208020833432
default	0004,0.2,	0.5169925078480198
default	0011,0.2,	0.5169925078480198
desktop	0008,0.16666666,	0.2641604010416716
desktop	0011,0.2,	0.31699250486778763
desktop	0001,0.16666666,	0.2641604010416716
desktop	0004,0.2,	0.31699250486778763
diam	0007,1.0,	2.584962500721156
diam	0006,0.16666666,	0.43082705777423075
dictionary	0012,0.16666666,	0.43082705777423075
dictionary	0005,0.16666666,	0.43082705777423075
dictum	0006,0.16666666,	0.59749371450679
discovered	0002,0.14285715,	0.3692803737539978
discovered	0009,0.14285715,	0.3692803737539978
distracted	0011,0.2,	0.5169925078480198
distracted	0004,0.2,	0.5169925078480198
distribution	0004,0.2,	0.5169925078480198
distribution	0011,0.2,	0.5169925078480198
dolor	0007,0.3333333,	0.5283208020833432
dolor	0009,0.14285715,	0.22642322451064306
dolor	0006,0.16666666,	0.2641604010416716
dolor	0002,0.14285715,	0.22642322451064306
dont	0012,0.16666666,	0.43082705777423075
dont	0005,0.16666666,	0.43082705777423075
dui	0006,0.16666666,	0.59749371450679
dummy	0001,0.3333333,	0.8616541155484615
dummy	0008,0.3333333,	0.8616541155484615
during	0002,0.14285715,	0.3692803737539978
during	0009,0.14285715,	0.3692803737539978
editors	0011,0.2,	0.5169925078480198
editors	0004,0.2,	0.5169925078480198
electronic	0008,0.16666666,	0.43082705777423075
electronic	0001,0.16666666,	0.43082705777423075
elementum	0007,0.3333333,	1.19498742901358
elit	0006,0.3333333,	1.19498742901358
embarrassing	0012,0.16666666,	0.43082705777423075
embarrassing	0005,0.16666666,	0.43082705777423075
eros	0007,0.3333333,	1.19498742901358
essentially	0001,0.16666666,	0.43082705777423075
essentially	0008,0.16666666,	0.43082705777423075
est	0007,0.3333333,	1.19498742901358
established	0004,0.2,	0.5169925078480198
established	0011,0.2,	0.5169925078480198
et	0007,0.6666666,	0.6666666269302368
et	0003,0.3333333,	0.3333333134651184
et	0002,0.14285715,	0.1428571492433548
et	0009,0.14285715,	0.1428571492433548
et	0006,0.5,	0.5
et	0010,0.3333333,	0.3333333134651184
etc	0005,0.16666666,	0.43082705777423075
etc	0012,0.16666666,	0.43082705777423075
ethics	0002,0.14285715,	0.3692803737539978
ethics	0009,0.14285715,	0.3692803737539978
eu	0007,0.3333333,	0.8616541155484615
eu	0006,0.3333333,	0.8616541155484615
euismod	0007,0.3333333,	1.19498742901358
even	0012,0.16666666,	0.43082705777423075
even	0005,0.16666666,	0.43082705777423075
ever	0008,0.16666666,	0.43082705777423075
ever	0001,0.16666666,	0.43082705777423075
evolved	0004,0.2,	0.5169925078480198
evolved	0011,0.2,	0.5169925078480198
ex	0007,0.3333333,	1.19498742901358
exact	0003,0.3333333,	0.8616541155484615
exact	0010,0.3333333,	0.8616541155484615
facilisi	0007,0.3333333,	1.19498742901358
facilisis	0007,0.3333333,	1.19498742901358
fact	0011,0.2,	0.5169925078480198
fact	0004,0.2,	0.5169925078480198
faucibus	0006,0.16666666,	0.43082705777423075
faucibus	0007,0.6666666,	1.723308231096923
fermentum	0007,0.6666666,	2.38997485802716
feugiat	0007,0.3333333,	0.8616541155484615
feugiat	0006,0.3333333,	0.8616541155484615
first	0002,0.14285715,	0.22642322451064306
first	0009,0.14285715,	0.22642322451064306
first	0012,0.16666666,	0.2641604010416716
first	0005,0.16666666,	0.2641604010416716
five	0008,0.16666666,	0.43082705777423075
five	0001,0.16666666,	0.43082705777423075
for	0010,0.3333333,	0.5283208020833432
for	0011,0.2,	0.31699250486778763
for	0004,0.2,	0.31699250486778763
for	0003,0.3333333,	0.5283208020833432
form	0005,0.16666666,	0.2641604010416716
form	0003,0.3333333,	0.5283208020833432
form	0010,0.3333333,	0.5283208020833432
form	0012,0.16666666,	0.2641604010416716
free	0005,0.16666666,	0.43082705777423075
free	0012,0.16666666,	0.43082705777423075
fringilla	0007,0.3333333,	0.8616541155484615
fringilla	0006,0.3333333,	0.8616541155484615
from	0003,0.6666666,	0.6666666269302368
from	0002,0.5714286,	0.5714285969734192
from	0009,0.5714286,	0.5714285969734192
from	0012,0.16666666,	0.1666666567325592
from	0005,0.16666666,	0.1666666567325592
from	0010,0.6666666,	0.6666666269302368
galley	0001,0.16666666,	0.43082705777423075
galley	0008,0.16666666,	0.43082705777423075
generate	0005,0.16666666,	0.43082705777423075
generate	0012,0.16666666,	0.43082705777423075
generated	0005,0.16666666,	0.43082705777423075
generated	0012,0.16666666,	0.43082705777423075
generator	0005,0.16666666,	0.43082705777423075
generator	0012,0.16666666,	0.43082705777423075
generators	0012,0.16666666,	0.43082705777423075
generators	0005,0.16666666,	0.43082705777423075
going	0009,0.14285715,	0.22642322451064306
going	0002,0.14285715,	0.22642322451064306
going	0012,0.16666666,	0.2641604010416716
going	0005,0.16666666,	0.2641604010416716
gravida	0007,0.6666666,	1.723308231096923
gravida	0006,0.3333333,	0.8616541155484615
handful	0012,0.16666666,	0.43082705777423075
handful	0005,0.16666666,	0.43082705777423075
has	0008,0.3333333,	0.3333333134651184
has	0001,0.3333333,	0.3333333134651184
has	0009,0.14285715,	0.1428571492433548
has	0004,0.2,	0.20000000298023224
has	0011,0.2,	0.20000000298023224
has	0002,0.14285715,	0.1428571492433548
have	0011,0.2,	0.31699250486778763
have	0005,0.16666666,	0.2641604010416716
have	0004,0.2,	0.31699250486778763
have	0012,0.16666666,	0.2641604010416716
here	0011,0.4,	1.0339850156960395
here	0004,0.4,	1.0339850156960395
hidden	0012,0.16666666,	0.43082705777423075
hidden	0005,0.16666666,	0.43082705777423075
humour	0005,0.3333333,	0.5283208020833432
humour	0011,0.2,	0.31699250486778763
humour	0004,0.2,	0.31699250486778763
humour	0012,0.3333333,	0.5283208020833432
id	0007,0.3333333,	1.19498742901358
imperdiet	0006,0.16666666,	0.43082705777423075
imperdiet	0007,0.6666666,	1.723308231096923
in	0005,0.3333333,	0.0
in	0008,0.16666666,	0.0
in	0002,0.71428573,	0.0
in	0006,0.5,	0.0
in	0001,0.16666666,	0.0
in	0010,0.3333333,	0.0
in	0012,0.3333333,	0.0
in	0009,0.71428573,	0.0
in	0003,0.3333333,	0.0
in	0004,0.2,	0.0
in	0011,0.2,	0.0
including	0008,0.16666666,	0.43082705777423075
including	0001,0.16666666,	0.43082705777423075
industry	0008,0.16666666,	0.43082705777423075
industry	0001,0.16666666,	0.43082705777423075
industrys	0001,0.16666666,	0.43082705777423075
industrys	0008,0.16666666,	0.43082705777423075
infancy	0011,0.2,	0.5169925078480198
infancy	0004,0.2,	0.5169925078480198
injected	0004,0.2,	0.31699250486778763
injected	0012,0.3333333,	0.5283208020833432
injected	0005,0.3333333,	0.5283208020833432
injected	0011,0.2,	0.31699250486778763
interested	0003,0.3333333,	0.8616541155484615
interested	0010,0.3333333,	0.8616541155484615
into	0008,0.16666666,	0.43082705777423075
into	0001,0.16666666,	0.43082705777423075
ipsum	0011,0.2,	0.20000000298023224
ipsum	0002,0.14285715,	0.1428571492433548
ipsum	0004,0.2,	0.20000000298023224
ipsum	0007,0.3333333,	0.3333333134651184
ipsum	0009,0.14285715,	0.1428571492433548
ipsum	0006,0.3333333,	0.3333333134651184
is	0008,0.16666666,	0.0
is	0012,0.16666666,	0.0
is	0011,0.4,	0.0
is	0002,0.2857143,	0.0
is	0003,0.3333333,	0.0
is	0001,0.16666666,	0.0
is	0009,0.2857143,	0.0
is	0004,0.4,	0.0
is	0005,0.16666666,	0.0
is	0010,0.3333333,	0.0
isnt	0005,0.16666666,	0.43082705777423075
isnt	0012,0.16666666,	0.43082705777423075
it	0001,0.16666666,	0.1666666567325592
it	0002,0.14285715,	0.1428571492433548
it	0008,0.16666666,	0.1666666567325592
it	0004,0.4,	0.4000000059604645
it	0011,0.4,	0.4000000059604645
it	0009,0.14285715,	0.1428571492433548
its	0004,0.2,	0.5169925078480198
its	0011,0.2,	0.5169925078480198
justo	0006,0.16666666,	0.43082705777423075
justo	0007,0.3333333,	0.8616541155484615
lacinia	0006,0.16666666,	0.43082705777423075
lacinia	0007,0.3333333,	0.8616541155484615
lacus	0007,0.3333333,	1.19498742901358
layout	0011,0.2,	0.5169925078480198
layout	0004,0.2,	0.5169925078480198
leap	0008,0.16666666,	0.43082705777423075
leap	0001,0.16666666,	0.43082705777423075
leo	0007,0.3333333,	0.8616541155484615
leo	0006,0.16666666,	0.43082705777423075
letters	0011,0.2,	0.5169925078480198
letters	0004,0.2,	0.5169925078480198
libero	0006,0.16666666,	0.59749371450679
ligula	0007,0.3333333,	1.19498742901358
like	0008,0.16666666,	0.2641604010416716
like	0001,0.16666666,	0.2641604010416716
like	0011,0.4,	0.6339850097355753
like	0004,0.4,	0.6339850097355753
line	0009,0.2857143,	0.7385607475079956
line	0002,0.2857143,	0.7385607475079956
literature	0002,0.2857143,	0.7385607475079956
literature	0009,0.2857143,	0.7385607475079956
long	0004,0.2,	0.5169925078480198
long	0011,0.2,	0.5169925078480198
look	0011,0.2,	0.31699250486778763
look	0004,0.2,	0.31699250486778763
look	0012,0.16666666,	0.2641604010416716
look	0005,0.16666666,	0.2641604010416716
looked	0009,0.14285715,	0.3692803737539978
looked	0002,0.14285715,	0.3692803737539978
looking	0004,0.2,	0.5169925078480198
looking	0011,0.2,	0.5169925078480198
looks	0012,0.16666666,	0.43082705777423075
looks	0005,0.16666666,	0.43082705777423075
lorem	0011,0.2,	0.5169925078480198
lorem	0004,0.2,	0.5169925078480198
luctus	0006,0.3333333,	1.19498742901358
magna	0007,0.3333333,	0.8616541155484615
magna	0006,0.5,	1.292481250360578
majority	0012,0.16666666,	0.43082705777423075
majority	0005,0.16666666,	0.43082705777423075
make	0001,0.16666666,	0.43082705777423075
make	0008,0.16666666,	0.43082705777423075
making	0002,0.14285715,	0.1428571492433548
making	0004,0.2,	0.20000000298023224
making	0005,0.16666666,	0.1666666567325592
making	0011,0.2,	0.20000000298023224
making	0009,0.14285715,	0.1428571492433548
making	0012,0.16666666,	0.1666666567325592
malesuada	0006,0.16666666,	0.59749371450679
many	0011,0.2,	0.31699250486778763
many	0012,0.16666666,	0.2641604010416716
many	0005,0.16666666,	0.2641604010416716
many	0004,0.2,	0.31699250486778763
massa	0006,0.16666666,	0.43082705777423075
massa	0007,0.3333333,	0.8616541155484615
mattis	0007,0.3333333,	1.19498742901358
mauris	0007,0.3333333,	0.8616541155484615
mauris	0006,0.16666666,	0.43082705777423075
metus	0006,0.16666666,	0.59749371450679
mi	0007,0.6666666,	1.723308231096923
mi	0006,0.16666666,	0.43082705777423075
middle	0005,0.16666666,	0.43082705777423075
middle	0012,0.16666666,	0.43082705777423075
model	0012,0.16666666,	0.2641604010416716
model	0005,0.16666666,	0.2641604010416716
model	0011,0.2,	0.31699250486778763
model	0004,0.2,	0.31699250486778763
mollis	0006,0.16666666,	0.59749371450679
more	0001,0.16666666,	0.2641604010416716
more	0002,0.14285715,	0.22642322451064306
more	0009,0.14285715,	0.22642322451064306
more	0008,0.16666666,	0.2641604010416716
moreorless	0011,0.2,	0.5169925078480198
moreorless	0004,0.2,	0.5169925078480198
nec	0007,0.3333333,	1.19498742901358
necessary	0012,0.16666666,	0.43082705777423075
necessary	0005,0.16666666,	0.43082705777423075
need	0012,0.16666666,	0.43082705777423075
need	0005,0.16666666,	0.43082705777423075
nibh	0006,0.16666666,	0.43082705777423075
nibh	0007,0.3333333,	0.8616541155484615
nisi	0007,0.6666666,	1.723308231096923
nisi	0006,0.6666666,	1.723308231096923
nisl	0007,0.6666666,	1.723308231096923
nisl	0006,0.16666666,	0.43082705777423075
non	0006,0.16666666,	0.43082705777423075
non	0007,0.6666666,	1.723308231096923
noncharacteristic	0012,0.16666666,	0.43082705777423075
noncharacteristic	0005,0.16666666,	0.43082705777423075
normal	0004,0.2,	0.5169925078480198
normal	0011,0.2,	0.5169925078480198
not	0001,0.16666666,	0.2641604010416716
not	0002,0.14285715,	0.22642322451064306
not	0009,0.14285715,	0.22642322451064306
not	0008,0.16666666,	0.2641604010416716
now	0011,0.2,	0.5169925078480198
now	0004,0.2,	0.5169925078480198
nulla	0006,0.16666666,	0.43082705777423075
nulla	0007,0.3333333,	0.8616541155484615
nunc	0006,0.3333333,	1.19498742901358
obscure	0002,0.14285715,	0.3692803737539978
obscure	0009,0.14285715,	0.3692803737539978
of	0010,0.3333333,	0.0
of	0004,0.59999996,	0.0
of	0009,1.0,	0.0
of	0011,0.59999996,	0.0
of	0012,1.0,	0.0
of	0008,0.6666666,	0.0
of	0003,0.3333333,	0.0
of	0001,0.6666666,	0.0
of	0005,1.0,	0.0
of	0002,1.0,	0.0
old	0009,0.14285715,	0.3692803737539978
old	0002,0.14285715,	0.3692803737539978
on	0012,0.3333333,	0.3333333134651184
on	0004,0.2,	0.20000000298023224
on	0011,0.2,	0.20000000298023224
on	0009,0.14285715,	0.1428571492433548
on	0002,0.14285715,	0.1428571492433548
on	0005,0.3333333,	0.3333333134651184
one	0009,0.14285715,	0.3692803737539978
one	0002,0.14285715,	0.3692803737539978
only	0008,0.16666666,	0.43082705777423075
only	0001,0.16666666,	0.43082705777423075
opposed	0004,0.2,	0.5169925078480198
opposed	0011,0.2,	0.5169925078480198
or	0005,0.3333333,	0.8616541155484615
or	0012,0.3333333,	0.8616541155484615
orci	0006,0.3333333,	1.19498742901358
original	0010,0.3333333,	0.8616541155484615
original	0003,0.3333333,	0.8616541155484615
ornare	0006,0.16666666,	0.59749371450679
over	0009,0.14285715,	0.1428571492433548
over	0004,0.2,	0.20000000298023224
over	0002,0.14285715,	0.1428571492433548
over	0005,0.16666666,	0.1666666567325592
over	0011,0.2,	0.20000000298023224
over	0012,0.16666666,	0.1666666567325592
packages	0004,0.2,	0.5169925078480198
packages	0011,0.2,	0.5169925078480198
page	0004,0.4,	1.0339850156960395
page	0011,0.4,	1.0339850156960395
passage	0002,0.14285715,	0.22642322451064306
passage	0012,0.16666666,	0.2641604010416716
passage	0009,0.14285715,	0.22642322451064306
passage	0005,0.16666666,	0.2641604010416716
passages	0008,0.16666666,	0.2641604010416716
passages	0005,0.16666666,	0.2641604010416716
passages	0012,0.16666666,	0.2641604010416716
passages	0001,0.16666666,	0.2641604010416716
pellentesque	0006,0.16666666,	0.59749371450679
pharetra	0006,0.16666666,	0.59749371450679
piece	0002,0.14285715,	0.3692803737539978
piece	0009,0.14285715,	0.3692803737539978
placerat	0007,0.3333333,	1.19498742901358
point	0011,0.2,	0.5169925078480198
point	0004,0.2,	0.5169925078480198
popular	0002,0.2857143,	0.7385607475079956
popular	0009,0.2857143,	0.7385607475079956
popularised	0001,0.16666666,	0.43082705777423075
popularised	0008,0.16666666,	0.43082705777423075
porta	0007,0.3333333,	1.19498742901358
porttitor	0007,0.3333333,	1.19498742901358
posuere	0006,0.3333333,	1.19498742901358
predefined	0012,0.16666666,	0.43082705777423075
predefined	0005,0.16666666,	0.43082705777423075
pretium	0007,0.3333333,	1.19498742901358
primis	0006,0.16666666,	0.59749371450679
printer	0001,0.16666666,	0.43082705777423075
printer	0008,0.16666666,	0.43082705777423075
printing	0001,0.16666666,	0.43082705777423075
printing	0008,0.16666666,	0.43082705777423075
professor	0002,0.14285715,	0.3692803737539978
professor	0009,0.14285715,	0.3692803737539978
publishing	0008,0.16666666,	0.2641604010416716
publishing	0001,0.16666666,	0.2641604010416716
publishing	0004,0.2,	0.31699250486778763
publishing	0011,0.2,	0.31699250486778763
pulvinar	0007,0.3333333,	1.19498742901358
purpose	0004,0.2,	0.5169925078480198
purpose	0011,0.2,	0.5169925078480198
purus	0007,0.3333333,	1.19498742901358
quam	0006,0.16666666,	0.59749371450679
quis	0007,0.3333333,	0.8616541155484615
quis	0006,0.3333333,	0.8616541155484615
random	0002,0.14285715,	0.3692803737539978
random	0009,0.14285715,	0.3692803737539978
randomised	0005,0.16666666,	0.43082705777423075
randomised	0012,0.16666666,	0.43082705777423075
readable	0004,0.4,	1.0339850156960395
readable	0011,0.4,	1.0339850156960395
reader	0004,0.2,	0.5169925078480198
reader	0011,0.2,	0.5169925078480198
reasonable	0012,0.16666666,	0.43082705777423075
reasonable	0005,0.16666666,	0.43082705777423075
recently	0001,0.16666666,	0.43082705777423075
recently	0008,0.16666666,	0.43082705777423075
release	0008,0.16666666,	0.43082705777423075
release	0001,0.16666666,	0.43082705777423075
remaining	0001,0.16666666,	0.43082705777423075
remaining	0008,0.16666666,	0.43082705777423075
repeat	0012,0.16666666,	0.43082705777423075
repeat	0005,0.16666666,	0.43082705777423075
repetition	0005,0.16666666,	0.43082705777423075
repetition	0012,0.16666666,	0.43082705777423075
reproduced	0010,0.6666666,	1.723308231096923
reproduced	0003,0.6666666,	1.723308231096923
rhoncus	0007,0.3333333,	1.19498742901358
roots	0009,0.14285715,	0.3692803737539978
roots	0002,0.14285715,	0.3692803737539978
rutrum	0006,0.16666666,	0.59749371450679
sapien	0006,0.16666666,	0.59749371450679
scelerisque	0007,0.3333333,	1.19498742901358
scrambled	0001,0.16666666,	0.43082705777423075
scrambled	0008,0.16666666,	0.43082705777423075
search	0011,0.2,	0.5169925078480198
search	0004,0.2,	0.5169925078480198
section	0002,0.14285715,	0.3692803737539978
section	0009,0.14285715,	0.3692803737539978
sections	0002,0.14285715,	0.3692803737539978
sections	0009,0.14285715,	0.3692803737539978
sed	0006,0.16666666,	0.43082705777423075
sed	0007,0.6666666,	1.723308231096923
sem	0006,0.16666666,	0.59749371450679
semper	0006,0.5,	1.7924812503605783
sentence	0005,0.16666666,	0.43082705777423075
sentence	0012,0.16666666,	0.43082705777423075
sheets	0001,0.16666666,	0.43082705777423075
sheets	0008,0.16666666,	0.43082705777423075
simply	0002,0.14285715,	0.22642322451064306
simply	0009,0.14285715,	0.22642322451064306
simply	0008,0.16666666,	0.2641604010416716
simply	0001,0.16666666,	0.2641604010416716
since	0001,0.16666666,	0.2641604010416716
since	0003,0.3333333,	0.5283208020833432
since	0010,0.3333333,	0.5283208020833432
since	0008,0.16666666,	0.2641604010416716
sit	0002,0.14285715,	0.22642322451064306
sit	0006,1.0,	1.5849625007211563
sit	0009,0.14285715,	0.22642322451064306
sit	0007,0.3333333,	0.5283208020833432
sites	0011,0.2,	0.5169925078480198
sites	0004,0.2,	0.5169925078480198
slightly	0012,0.16666666,	0.43082705777423075
slightly	0005,0.16666666,	0.43082705777423075
sodales	0007,0.3333333,	1.19498742901358
software	0001,0.16666666,	0.43082705777423075
software	0008,0.16666666,	0.43082705777423075
sollicitudin	0007,0.6666666,	2.38997485802716
some	0005,0.16666666,	0.43082705777423075
some	0012,0.16666666,	0.43082705777423075
sometimes	0011,0.4,	1.0339850156960395
sometimes	0004,0.4,	1.0339850156960395
source	0009,0.14285715,	0.3692803737539978
source	0002,0.14285715,	0.3692803737539978
specimen	0008,0.16666666,	0.43082705777423075
specimen	0001,0.16666666,	0.43082705777423075
standard	0003,0.3333333,	0.5283208020833432
standard	0008,0.16666666,	0.2641604010416716
standard	0010,0.3333333,	0.5283208020833432
standard	0001,0.16666666,	0.2641604010416716
still	0011,0.2,	0.5169925078480198
still	0004,0.2,	0.5169925078480198
structures	0012,0.16666666,	0.43082705777423075
structures	0005,0.16666666,	0.43082705777423075
suffered	0005,0.16666666,	0.43082705777423075
suffered	0012,0.16666666,	0.43082705777423075
sure	0005,0.16666666,	0.43082705777423075
sure	0012,0.16666666,	0.43082705777423075
survived	0001,0.16666666,	0.43082705777423075
survived	0008,0.16666666,	0.43082705777423075
suscipit	0007,0.3333333,	1.19498742901358
tempor	0006,0.16666666,	0.59749371450679
tempus	0006,0.16666666,	0.59749371450679
tend	0012,0.16666666,	0.43082705777423075
tend	0005,0.16666666,	0.43082705777423075
text	0004,0.2,	0.0
text	0008,0.3333333,	0.0
text	0012,0.16666666,	0.0
text	0011,0.2,	0.0
text	0005,0.16666666,	0.0
text	0001,0.3333333,	0.0
text	0002,0.14285715,	0.0
text	0009,0.14285715,	0.0
that	0011,0.4,	1.0339850156960395
that	0004,0.4,	1.0339850156960395
the	0010,0.6666666,	0.0
the	0009,0.85714287,	0.0
the	0002,0.85714287,	0.0
the	0003,0.6666666,	0.0
the	0001,1.0,	0.0
the	0012,1.0,	0.0
the	0004,0.59999996,	0.0
the	0011,0.59999996,	0.0
the	0005,1.0,	0.0
the	0008,1.0,	0.0
their	0003,0.3333333,	0.5283208020833432
their	0011,0.4,	0.6339850097355753
their	0004,0.4,	0.6339850097355753
their	0010,0.3333333,	0.5283208020833432
theory	0002,0.14285715,	0.3692803737539978
theory	0009,0.14285715,	0.3692803737539978
there	0012,0.16666666,	0.43082705777423075
there	0005,0.16666666,	0.43082705777423075
therefore	0005,0.16666666,	0.43082705777423075
therefore	0012,0.16666666,	0.43082705777423075
this	0012,0.16666666,	0.43082705777423075
this	0005,0.16666666,	0.43082705777423075
those	0003,0.3333333,	0.8616541155484615
those	0010,0.3333333,	0.8616541155484615
through	0009,0.14285715,	0.3692803737539978
through	0002,0.14285715,	0.3692803737539978
tincidunt	0007,0.3333333,	0.8616541155484615
tincidunt	0006,0.3333333,	0.8616541155484615
to	0009,0.14285715,	0.0
to	0001,0.16666666,	0.0
to	0002,0.14285715,	0.0
to	0011,0.2,	0.0
to	0005,0.6666666,	0.0
to	0012,0.6666666,	0.0
to	0008,0.16666666,	0.0
to	0004,0.2,	0.0
took	0008,0.16666666,	0.43082705777423075
took	0001,0.16666666,	0.43082705777423075
tortor	0007,0.3333333,	0.8616541155484615
tortor	0006,0.16666666,	0.43082705777423075
translation	0003,0.3333333,	0.8616541155484615
translation	0010,0.3333333,	0.8616541155484615
treatise	0002,0.14285715,	0.3692803737539978
treatise	0009,0.14285715,	0.3692803737539978
true	0012,0.16666666,	0.43082705777423075
true	0005,0.16666666,	0.43082705777423075
turpis	0006,0.16666666,	0.59749371450679
type	0001,0.3333333,	0.8616541155484615
type	0008,0.3333333,	0.8616541155484615
typesetting	0001,0.3333333,	0.8616541155484615
typesetting	0008,0.3333333,	0.8616541155484615
ullamcorper	0006,0.16666666,	0.59749371450679
ultrices	0006,0.3333333,	1.19498742901358
ultricies	0006,0.16666666,	0.59749371450679
unchanged	0001,0.16666666,	0.43082705777423075
unchanged	0008,0.16666666,	0.43082705777423075
uncover	0004,0.2,	0.5169925078480198
uncover	0011,0.2,	0.5169925078480198
undoubtable	0009,0.14285715,	0.3692803737539978
undoubtable	0002,0.14285715,	0.3692803737539978
unknown	0008,0.16666666,	0.43082705777423075
unknown	0001,0.16666666,	0.43082705777423075
up	0009,0.14285715,	0.3692803737539978
up	0002,0.14285715,	0.3692803737539978
use	0012,0.16666666,	0.2641604010416716
use	0005,0.16666666,	0.2641604010416716
use	0004,0.2,	0.31699250486778763
use	0011,0.2,	0.31699250486778763
used	0010,0.3333333,	0.8616541155484615
used	0003,0.3333333,	0.8616541155484615
uses	0005,0.16666666,	0.43082705777423075
uses	0012,0.16666666,	0.43082705777423075
using	0011,0.4,	1.0339850156960395
using	0004,0.4,	1.0339850156960395
ut	0007,0.6666666,	2.38997485802716
variations	0012,0.16666666,	0.43082705777423075
variations	0005,0.16666666,	0.43082705777423075
varius	0007,0.3333333,	1.19498742901358
vehicula	0007,0.6666666,	1.723308231096923
vehicula	0006,0.16666666,	0.43082705777423075
vel	0006,0.16666666,	0.43082705777423075
vel	0007,0.3333333,	0.8616541155484615
velit	0006,0.16666666,	0.43082705777423075
velit	0007,0.3333333,	0.8616541155484615
venenatis	0007,0.3333333,	0.8616541155484615
venenatis	0006,0.16666666,	0.43082705777423075
versions	0001,0.16666666,	0.1666666567325592
versions	0008,0.16666666,	0.1666666567325592
versions	0004,0.2,	0.20000000298023224
versions	0011,0.2,	0.20000000298023224
versions	0003,0.3333333,	0.3333333134651184
versions	0010,0.3333333,	0.3333333134651184
very	0009,0.14285715,	0.3692803737539978
very	0002,0.14285715,	0.3692803737539978
vitae	0006,0.16666666,	0.43082705777423075
vitae	0007,0.3333333,	0.8616541155484615
viverra	0007,0.6666666,	1.723308231096923
viverra	0006,0.3333333,	0.8616541155484615
volutpat	0007,0.3333333,	1.19498742901358
vulputate	0006,0.16666666,	0.59749371450679
was	0008,0.16666666,	0.43082705777423075
was	0001,0.16666666,	0.43082705777423075
web	0004,0.4,	1.0339850156960395
web	0011,0.4,	1.0339850156960395
when	0001,0.16666666,	0.2641604010416716
when	0008,0.16666666,	0.2641604010416716
when	0004,0.2,	0.31699250486778763
when	0011,0.2,	0.31699250486778763
which	0005,0.3333333,	0.8616541155484615
which	0012,0.3333333,	0.8616541155484615
will	0004,0.4,	1.0339850156960395
will	0011,0.4,	1.0339850156960395
with	0001,0.3333333,	0.5283208020833432
with	0012,0.16666666,	0.2641604010416716
with	0005,0.16666666,	0.2641604010416716
with	0008,0.3333333,	0.5283208020833432
word	0009,0.14285715,	0.3692803737539978
word	0002,0.14285715,	0.3692803737539978
words	0009,0.14285715,	0.22642322451064306
words	0012,0.5,	0.7924812503605781
words	0002,0.14285715,	0.22642322451064306
words	0005,0.5,	0.7924812503605781
written	0002,0.14285715,	0.3692803737539978
written	0009,0.14285715,	0.3692803737539978
years	0011,0.2,	0.31699250486778763
years	0004,0.2,	0.31699250486778763
years	0002,0.14285715,	0.22642322451064306
years	0009,0.14285715,	0.22642322451064306
you	0005,0.3333333,	0.8616541155484615
you	0012,0.3333333,	0.8616541155484615
